IMU 1723530540.8219323 -0.015579508781 0.050067477226 -0.000599211788 0.527339029312 -0.135875093936 10.387560844421
IMU 1723530542.028209 -0.018042936325 0.046405630111 -0.001597898244 0.675185489654 -0.164606389999 10.470163345336
IMU 1723530542.1266813 -0.015912404060 0.044208521842 0.000133158183 0.432765197753 -0.148445034027 10.350449562072
IMU 1723530542.2246773 -0.012982923984 0.048403000831 -0.000266316366 0.530930471420 -0.111932349205 10.437242507934
IMU 1723530542.3230066 -0.016311881542 0.046405630111 0.000599211788 0.509980583190 -0.073025379180 10.392350196838
IMU 1723530542.4213586 -0.014114768505 0.045406942367 -0.000199737281 0.512973356246 -0.117918038368 10.402525901794
IMU 1723530542.5200667 -0.013715293407 0.044474835395 0.000998686599 0.501002025604 -0.036512689590 10.431855201721
IMU 1723530542.6182415 -0.014114768505 0.045074048042 0.000532632732 0.447130823135 -0.197527675628 10.449213981628
IMU 1723530542.7164063 -0.012650029659 0.046938266754 -0.000732370090 0.475263547897 -0.159817838668 10.377984046936
IMU 1723530542.8145628 -0.014913718700 0.050267219543 -0.000998686599 0.525543308258 -0.144255056381 10.458192825317
IMU 1723530542.913052 -0.015379772186 0.044674577713 -0.000665790939 0.525543308258 -0.080208206176 10.422278404235
IMU 1723530543.0114877 -0.013715293407 0.046072735786 -0.000665790939 0.447130823135 -0.080208206176 10.427665710449
IMU 1723530543.1094856 -0.016445038318 0.049867744445 -0.000199737281 0.506987667083 -0.113129484653 10.408511161804
IMU 1723530543.2079616 -0.014713981151 0.046272473335 -0.000199737281 0.486037778854 -0.142459344863 10.418686866760
IMU 1723530543.3064637 -0.015046876907 0.047870368957 -0.000998686599 0.526141881942 -0.138269365310 10.409708023071
IMU 1723530543.4087331 -0.015113454818 0.044541416168 -0.000599211788 0.518360519409 -0.111932349205 10.391751289367
IMU 1723530543.5030136 -0.014114768505 0.048003525733 0.000066579093 0.491424942016 -0.103552389144 10.395940780639
IMU 1723530543.605348 -0.015113454818 0.045540099143 -0.000998686599 0.478854942321 -0.102355253696 10.394145965576
IMU 1723530543.703461 -0.014247927665 0.047337737083 -0.000665790939 0.518959045410 -0.122108006477 10.404320716857
IMU 1723530543.8019226 -0.015113454818 0.046205892562 -0.000066579093 0.535718965530 -0.106545233726 10.428263664245
IMU 1723530543.8999925 -0.015113454818 0.046805105209 0.000665790939 0.465686416625 -0.131086540222 10.408511161804
IMU 1723530543.998632 -0.013448977470 0.045673265457 -0.000332895469 0.503396272659 -0.120312309265 10.407314300537
IMU 1723530544.096806 -0.014181346893 0.047537474632 0.000399474573 0.510579109191 -0.117319464683 10.419883728027
IMU 1723530544.1950464 -0.013648715019 0.047404317855 0.000066579093 0.502797698974 -0.093975276947 10.419285774230
IMU 1723530544.289401 -0.069774894714 0.042144565582 0.012982923984 0.656031322479 -0.022745611667 10.878986358642
IMU 1723530544.38768 0.018442410469 0.029894013404 0.057657499313 0.351359820365 -0.302875757217 10.330697059631
IMU 1723530544.4859636 -0.006258434772 0.045074048042 0.001131844639 0.607547235488 -0.074222517013 10.493508338928
IMU 1723530544.5843222 -0.018841884613 0.051865110397 -0.000798949146 0.495016288757 -0.122706580162 10.397138595581
IMU 1723530544.6825175 0.008588703155 0.079095964431 -0.112651836872 0.343578433990 -0.151437878608 10.346260070800
IMU 1723530544.7810209 -0.005193169593 0.042810354232 0.007922912597 0.612335777282 -0.011971373558 10.496500968933
IMU 1723530544.8792098 -0.012916344451 0.050999588966 -0.000998686599 0.496213483810 -0.083799610137 10.428263664245
IMU 1723530544.9776793 -0.026365323066 0.041079301834 0.031491911411 0.522550487518 -0.050878338813 10.425271034240
IMU 1723530545.0758364 -0.019574254989 0.045540099143 -0.002396847248 0.551880359649 -0.038308396339 10.512063980102
IMU 1723530545.1742303 -0.021105573177 0.050267219543 -0.000665790939 0.463292169570 -0.126896560192 10.406715393066
IMU 1723530545.2725344 0.009187915802 0.068243570327 -0.082691240310 0.422589492797 -0.093376722335 10.394743919372
IMU 1723530545.3708255 -0.022370576858 0.049401688575 0.005792381763 0.452517938613 -0.091581010818 10.367808341979
IMU 1723530545.465442 -0.001131844639 0.041345620155 0.042677202224 0.084996757507 0.219674706459 10.229538917541
IMU 1723530545.563857 0.120974218845 0.080560703277 0.018309251785 0.518959045410 0.382485389709 10.878387451171
IMU 1723530545.6575506 -0.171041717529 0.029694275856 0.168578267097 0.476460695266 0.065842556953 10.559948921203
IMU 1723530545.7559555 -0.057058286666 0.012317132949 0.109589195251 0.240624618530 -0.314847135543 10.185244560241
IMU 1723530545.8543959 -0.044874310493 0.060254087448 0.029494543075 0.279531598091 -0.296890068054 10.224750518798
IMU 1723530545.9525456 -0.007723176002 0.042876935005 0.005459486007 0.366324043273 -0.227456116676 10.442629814147
IMU 1723530546.05118 -0.021638205051 0.049601430892 0.001797635650 0.514170551300 -0.339987015724 10.391751289367
IMU 1723530546.1491725 -0.002197110414 0.038948774337 -0.004460799694 0.480650663375 -0.277137303352 10.381575584411
IMU 1723530546.247606 0.001464740180 0.039747719764 -0.004593957901 0.531528997421 -0.201717662811 10.459987640380
IMU 1723530546.345874 -0.016644774436 0.048536162376 0.000066579093 0.545894670486 -0.183162021636 10.458790779113
IMU 1723530546.4441977 -0.017443723678 0.041478776931 -0.016112141609 0.481847810745 -0.215484738349 10.439038276672
IMU 1723530546.542293 -0.011518183946 0.044741153717 0.003129217386 0.532127571105 -0.227456116676 10.392350196838
IMU 1723530546.64072 -0.003595271348 0.043143253326 -0.066911993026 0.489030647277 -0.175380635261 10.429461479187
IMU 1723530546.7389174 -0.016977668762 0.047404317855 -0.067577786445 0.634482812881 -0.204710507392 10.389356613159
IMU 1723530546.8374174 -0.021971101760 0.045406942367 -0.028096380233 0.501600551605 -0.192140560150 10.428862571716
IMU 1723530546.9355757 -0.022570314407 0.046871685981 0.005060011863 0.601561546325 -0.253793120384 10.348654747009
IMU 1723530547.0339131 -0.008455545425 0.053463020324 0.004194483280 0.524944734573 -0.189147710800 10.424672126770
IMU 1723530547.1322713 -0.003728429794 0.051265907287 0.018575567245 0.560858821868 -0.207104778289 10.354041099548
IMU 1723530547.2264218 0.009587388992 0.065247526168 0.037816927433 0.631489992141 -0.206506204605 10.385167121887
IMU 1723530547.324759 0.008455545425 0.059521718025 0.034021916389 0.363929772377 -0.089186735153 10.458192825317
IMU 1723530547.4232018 -0.027097690105 0.044741153717 -0.015446352005 0.457306480407 -0.125100862979 10.453403472900
IMU 1723530547.5212786 -0.012183974981 0.048070106506 -0.001198423624 0.538711833953 -0.119115173339 10.442629814147
IMU 1723530547.6199207 -0.014381085395 0.042144565582 -0.035686397552 0.527937602996 -0.228054666519 10.317528724670
IMU 1723530547.7181556 -0.005193169593 0.061652240753 -0.103597068786 0.492023468017 -0.120312309265 10.474952697753
IMU 1723530547.8163917 -0.053529596328 0.033822181224 0.057857232093 0.633285713195 -0.137670803070 10.511465072631
IMU 1723530547.9148762 -0.003861588001 0.053130121231 0.002063951969 0.524944734573 -0.174782061576 10.425869941711
IMU 1723530548.0129116 -0.034887447357 0.029361381530 0.060453820228 0.585998773574 -0.174782061576 10.422278404235
IMU 1723530548.111209 -0.037017974853 0.068243570327 -0.009787127494 0.547690391540 -0.215484738349 10.317528724670
IMU 1723530548.2099717 -0.035619819164 0.047737212181 -0.062517766952 0.610540103912 -0.274743032455 10.324711799621
IMU 1723530548.3081326 -0.017110826969 0.034155077934 -0.038416142463 0.518959045410 -0.216681861877 10.387560844421
IMU 1723530548.4103675 -0.041345620155 0.057258024215 -0.082491493225 0.650644207000 -0.132283687591 10.446221351623
IMU 1723530548.50461 0.004727116107 0.034021916389 -0.040346932411 0.454313659667 -0.207104778289 10.460586547851
IMU 1723530548.606941 -0.025366637706 0.048003525733 -0.027630326747 0.529733276367 -0.255588817596 10.436045646667
IMU 1723530548.705237 -0.017776620388 0.046006155014 -0.035020604133 0.467482137680 -0.216083312034 10.362421035766
IMU 1723530548.8035612 -0.008788441658 0.034021916389 -0.005060011863 0.668601226806 -0.279531598091 10.355238914489
IMU 1723530548.9019759 -0.009653968811 0.047870368957 -0.003462113142 0.561457443237 -0.266961622238 10.397138595581
IMU 1723530549.0010676 0.001997373104 0.028029799461 0.005925539970 0.602758693695 -0.205309057235 10.390554428100
IMU 1723530549.094685 0.034487974643 0.068509888648 -0.053862485885 0.646454238891 -0.423188066482 10.272037506103
IMU 1723530549.1928213 0.054927754402 0.043342990875 -0.004860274314 0.565647411346 -0.122706580162 10.357034683227
IMU 1723530549.2911797 -0.044275102615 0.053196697235 0.054927754402 0.654834175109 -0.126896560192 10.393547058105
IMU 1723530549.3891778 -0.061785407066 0.049401688575 0.017576882839 0.531528997421 -0.146050763130 10.357632637023
IMU 1723530549.4876091 0.039015350341 0.055660123825 -0.019041622161 0.429772329330 -0.167000665664 10.353443145751
IMU 1723530549.5859532 -0.029095066070 0.042810354232 -0.084289131164 0.635081386566 0.008978530883 10.531217575073
IMU 1723530549.6845555 -0.001198423624 0.044541416168 -0.060786719322 0.415406656265 -0.368119740486 10.427066802978
IMU 1723530549.7826052 0.002596584796 0.048602733612 -0.084355716705 0.607547235488 -0.119713735580 10.319923400878
IMU 1723530549.8809018 -0.066379361152 0.051598796844 -0.010985550880 0.456109333038 -0.256187415122 10.359428405761
IMU 1723530549.979003 0.066911993026 0.036285610198 0.020772678852 0.381886844635 -0.085595321655 10.521041870117
IMU 1723530550.0734808 0.099136276245 0.033089809417 -0.036618504524 0.566245985031 0.035914123058 10.450410842895
IMU 1723530550.1717002 -0.107125771045 0.075434117317 -0.036618504524 0.581210184097 -0.137670803070 10.284607887268
IMU 1723530550.2700877 -0.000332895469 0.040879564285 -0.010120023488 0.652439880371 0.106545233726 10.534210205078
IMU 1723530550.3684123 -0.073969368934 0.049335107803 0.063316717147 0.486037778854 -0.083799610137 10.292987823486
IMU 1723530550.466778 0.001398161048 0.042943520545 0.037750349044 0.481847810745 -0.313650012016 10.348654747009
IMU 1723530550.5648782 -0.042677202224 0.033755600452 -0.010785813331 0.611138629913 -0.192140560150 10.336084365844
IMU 1723530550.6633143 -0.053662753105 0.042876935005 -0.008788441658 0.578217411041 -0.241223192214 10.425869941711
IMU 1723530550.7616343 -0.008388966560 0.047870368957 -0.041412200927 0.618321466445 -0.308262872695 10.400730133056
IMU 1723530550.8601172 -0.033489286899 0.048602733612 -0.002330268144 0.563851737976 -0.136473667621 10.370203018188
IMU 1723530550.958258 0.012916344451 0.048203268051 0.011318446397 0.585998773574 -0.183760595321 10.445622444152
IMU 1723530551.0567281 -0.016245299339 0.035153765678 0.065047779083 0.629095745086 -0.089186735153 10.385765075683
IMU 1723530551.150646 -0.020905838012 0.041279039382 0.003595271348 0.569238853454 -0.235237503051 10.389955520629
IMU 1723530551.2491422 0.003129217386 0.043143253326 -0.030160331726 0.617722940444 -0.189147710800 10.407912254333
IMU 1723530551.347389 0.016844511032 0.049534845352 -0.021371889114 0.554873180389 -0.161014976501 10.398335456848
IMU 1723530551.4458733 -0.058722763061 0.044008784294 -0.026032426357 0.607547235488 -0.158022141456 10.446819305419
IMU 1723530551.5440204 -0.015712666511 0.044341678619 -0.050866432189 0.662615537643 -0.319037103652 10.354041099548
IMU 1723530551.6465669 -0.018708726882 0.050400381088 -0.040080618858 0.538711833953 -0.108939504623 10.445023536682
IMU 1723530551.7448194 -0.001531319141 0.048203268051 -0.046805105209 0.584203052520 -0.127495145797 10.367210388183
IMU 1723530551.842974 -0.045140628814 0.036019291877 -0.018042936325 0.483643484115 -0.277137303352 10.425869941711
IMU 1723530551.941344 -0.014381085395 0.047470898628 0.023302683830 0.625504302978 -0.156825008392 10.404919624328
IMU 1723530552.0396516 -0.000532632732 0.054528284072 0.043143253326 0.603357267379 -0.256785964965 10.373195648193
IMU 1723530552.1339474 -0.040812983512 0.046871685981 0.040613250732 0.535120439529 -0.244216012954 10.383970260620
IMU 1723530552.236299 -0.014381085395 0.042144565582 -0.039215089797 0.388471107482 -0.201717662811 10.380976676940
IMU 1723530552.3347304 -0.006924226284 0.057923817634 -0.058256711959 0.550084638595 -0.259778833389 10.386363983154
IMU 1723530552.4328847 -0.002197110414 0.062318034172 -0.019640832901 0.562654542922 -0.240026044845 10.507274627685
IMU 1723530552.5311227 -0.015446352005 0.026498482227 -0.009321072578 0.594378709793 -0.123305153846 10.431257247924
IMU 1723530552.6296594 -0.019640832901 0.045806417465 0.030826120376 0.481249237060 -0.219076132774 10.300169944763
IMU 1723530552.7281127 -0.012050817012 0.035553240776 0.045007472038 0.410019540786 -0.283721561431 10.300768852233
IMU 1723530552.8261805 -0.009187915802 0.044807734489 -0.023036367893 0.618920040130 -0.269355916976 10.432454109191
IMU 1723530552.9244094 -0.032557177543 0.045540099143 0.000133158183 0.733845233917 -0.310657143592 10.371998786926
IMU 1723530553.02293 -0.018109514236 0.041212463378 0.054594860076 0.566844558715 -0.291502952575 10.387560844421
IMU 1723530553.1169999 -0.039614562988 0.039614562988 0.004127903938 0.534521865844 -0.261574530601 10.419883728027
IMU 1723530553.2152917 -0.014713981151 0.044075365066 0.037017974853 0.681171178817 -0.372908306121 10.461185455322
IMU 1723530553.313618 -0.064315409660 0.052863798141 0.060187506675 0.588393020629 -0.356148386001 10.278621673583
IMU 1723530553.4123392 -0.026298742294 0.041545357704 0.013382399082 0.528536128997 -0.350761270523 10.413898468017
IMU 1723530553.510321 -0.013315820693 0.051332478523 -0.041611938476 0.649447011947 -0.374704003334 10.373195648193
IMU 1723530553.6085389 0.007323700904 0.018708726882 0.064914617538 0.788315010070 -0.265165925025 10.369604110717
IMU 1723530553.7068381 -0.011451604366 0.047803792953 0.006325015068 0.607547235488 -0.422589492797 10.458192825317
IMU 1723530553.8051658 -0.012583448886 0.055926442146 -0.029827437400 0.587195873260 -0.316642856597 10.439637184143
IMU 1723530553.9035437 0.009853706359 0.055859861373 -0.044874310493 0.603357267379 -0.230448937416 10.387560844421
IMU 1723530554.0019822 -0.014048190116 0.045207209587 -0.011917658996 0.621314287185 -0.354352688789 10.343267440795
IMU 1723530554.1001956 -0.028895328521 0.043342990875 -0.008056070327 0.589590167999 -0.250800275802 10.414496421813
IMU 1723530554.1984448 -0.028162958145 0.049668006896 0.012849765968 0.593780136108 -0.325022816658 10.447418212890
IMU 1723530554.2968838 -0.016178721427 0.055793280601 -0.039547982215 0.616525745391 -0.372309732437 10.358231544494
IMU 1723530554.3950918 -0.016844511032 0.058589606285 -0.017909778594 0.608744382858 -0.305270051956 10.381575584411
IMU 1723530554.4933505 -0.012916344451 0.045872998237 0.003395533800 0.711698150634 -0.227456116676 10.406116485595
IMU 1723530554.5917714 -0.010586076974 0.057724075317 -0.033156392574 0.595575857162 -0.103552389144 10.359428405761
IMU 1723530554.6901112 -0.021505048274 0.039414825439 -0.007989492416 0.660819816589 -0.244814610481 10.357632637023
IMU 1723530554.7885303 -0.010985550880 0.037217712402 0.020439782142 0.608145761489 -0.134079396724 10.412701606750
IMU 1723530554.888471 -0.012117395401 0.037217712402 -0.001930793952 0.485439205169 -0.325022816658 10.445023536682
IMU 1723530554.9849482 -0.020373203754 0.045540099143 0.024767422676 0.462095069885 -0.279531598091 10.355836868286
IMU 1723530555.0832734 -0.009653968811 0.070307531356 -0.063250150680 0.488432025909 -0.474664974212 10.382772445678
IMU 1723530555.1831212 -0.008189228057 0.072371478080 -0.034288234710 0.636877107620 -0.143656492233 10.410905838012
IMU 1723530555.2798426 -0.015246613025 0.075300960540 0.074169111251 0.481249237060 -0.354352688789 10.368407249450
IMU 1723530555.37812 -0.070640420913 0.037417454719 0.015646086692 0.576421689987 -0.327417087554 10.328901290893
IMU 1723530555.476517 -0.034554553031 0.044874310493 0.070973310470 0.641665649414 -0.473467874526 10.399532318115
IMU 1723530555.5748084 -0.006990805149 0.054195380210 -0.030759544372 0.604554414749 -0.475263547897 10.375590324401
IMU 1723530555.6731758 -0.040280351638 0.047604055404 0.002663163661 0.463292169570 -0.329811358451 10.405518531799
IMU 1723530555.771461 -0.051598796844 0.040147190093 0.010519497394 0.511776256561 -0.448926544189 10.490514755249
IMU 1723530555.869732 -0.062650923728 0.043875627517 0.004194483280 0.346571254730 -0.426180934906 10.292388916015
IMU 1723530555.9640477 -0.028961908340 0.062118296623 0.019041622161 0.623708629608 -0.593780136108 10.386363983154
IMU 1723530556.0622218 -0.005592644214 0.058123550415 0.034820868968 0.568041706085 -0.326818513870 10.284008979797
IMU 1723530556.16057 -0.012650029659 0.059122238159 0.014114768505 0.562056016921 -0.702121067047 10.428263664245
IMU 1723530556.2588902 -0.022170839309 0.055726709365 0.005126590728 0.508184862136 -1.175588965415 10.788003921508
IMU 1723530556.3571696 0.000732370090 0.059987773895 0.001731056594 0.506987667083 -0.483044958114 10.217567443847
IMU 1723530556.4555569 0.017310565948 0.057391176223 -0.009787127494 0.556668853759 -0.566245985031 10.452206611633
IMU 1723530556.5499704 -0.037217712402 0.050333795547 0.036618504524 0.416603803634 -0.420195198059 10.491712570190
IMU 1723530556.6481562 -0.044008784294 0.050600118637 0.019307937622 0.466883611679 -0.717683839797 10.382772445678
IMU 1723530556.7463748 -0.037151134014 0.046139316558 0.015113454818 0.452517938613 -0.465087890625 10.418087959289
IMU 1723530556.8447258 -0.139816104888 0.050333795547 0.101932597160 0.582407379150 -0.552478885650 10.641354560852
IMU 1723530556.9429371 -0.290950660705 0.094875221252 0.137219524383 0.461496448516 -0.727260971069 10.315134048461
IMU 1723530557.0413678 -0.236089491844 0.107791554927 0.034487974643 0.259180259704 -1.095380783081 10.053560256958
IMU 1723530557.139598 -0.189550695419 0.105194973945 -0.080028066635 -0.192140560150 -1.398256540298 9.979935646057
IMU 1723530557.2379913 0.315851235389 0.019840569496 -0.250071072578 0.203513360023 -1.280338401794 9.678855895996
IMU 1723530557.332116 0.554603862762 -0.096339950561 0.140282154083 0.887078857421 0.006584256172 10.590476036071
IMU 1723530557.4345138 -0.141347417831 0.176767492294 -0.219644451141 -0.195133399963 -0.740429449081 10.203202247619
IMU 1723530557.5329704 0.346078133583 -0.174104332923 -0.135222148895 0.344177007675 -1.231255769729 10.991517066955
IMU 1723530557.6313043 -0.040346932411 0.068842782974 0.110254979133 0.495016288757 -0.841587638854 10.300768852233
IMU 1723530557.7253833 -0.101666283607 0.147739028930 0.114848947525 0.097566699981 -0.851763248443 10.301965713500
IMU 1723530557.8237178 0.004527378559 0.064648299217 -0.085021505355 0.093376722335 -0.288510112762 10.297177314758
IMU 1723530557.922031 -0.035020604133 0.106593143939 0.060786719322 0.254391694068 -0.906233024597 10.306156158447
IMU 1723530558.020271 -0.084821767807 0.071838846206 0.247341346740 0.336395621299 -1.507195949554 10.240313529968
IMU 1723530558.1187282 0.012050817012 0.048735899925 0.049002213478 -0.096968126296 -0.854157543182 10.189435005187
IMU 1723530558.217472 -0.006724488735 -0.092611522674 0.107192349433 0.661418437957 -0.371112585067 10.583891868591
IMU 1723530558.315256 -0.022303996086 -0.062917242050 0.003795008420 0.769759368896 -0.277137303352 10.533612251281
IMU 1723530558.4137244 0.034954025745 0.045806417465 -0.123371064662 0.500403451919 -0.438750839233 10.356435775756
IMU 1723530558.5117624 -0.016777932643 0.108124446868 -0.044341678619 0.255588817596 0.050279769897 10.434249877929
IMU 1723530558.610281 -0.092078895568 0.101133656501 0.032024548053 0.444736528396 -0.259778833389 10.490514755249
IMU 1723530558.7086115 -0.031558489799 0.117911577224 0.018242673873 0.346571254730 -0.225660395622 10.438439369201
IMU 1723530558.8027802 -0.064315409660 0.038482718467 0.048003525733 0.200520515441 -0.474066400527 10.336084365844
IMU 1723530558.90098 -0.006325015068 0.072837533950 0.048735899925 0.286115837097 -0.547091770172 10.332492828369
IMU 1723530558.999416 0.036352186203 0.022170839309 0.011651341915 0.002992843437 -0.514170551300 10.431855201721
IMU 1723530559.0979066 0.060720133781 0.035420083999 -0.124036860466 0.208900475502 -0.557866048812 10.496500968933
IMU 1723530559.1959968 0.020772678852 0.063116979598 -0.021704785823 0.568640279769 -0.526141881942 10.509669303894
IMU 1723530559.290368 0.008388966560 0.041412200927 0.005392906665 0.388471107482 -0.426779460906 10.394145965576
IMU 1723530559.3886895 -0.003728429794 0.019773990631 -0.034487974643 0.179570617675 -0.532127571105 10.309747695922
IMU 1723530559.4869223 -0.002263689279 0.029361381530 0.043342990875 0.299284343719 -0.640468549728 10.368407249450
IMU 1723530559.5850859 -0.023635580539 0.058256711959 0.003328955173 0.135875093936 -0.232843208312 10.321120262145
IMU 1723530559.683463 -0.002996059608 0.043276410102 0.021105573177 0.395055341720 -0.589590167999 10.321719169616
IMU 1723530559.7818718 -0.011717921495 0.075500698089 -0.039281665802 0.274743032455 -0.356746935844 10.413299560546
IMU 1723530559.8800287 -0.030226910114 0.061053032875 0.009387653350 0.413610982894 0.013168512582 10.485128402709
IMU 1723530559.9783454 -0.058656187057 0.048203268051 0.083090715408 0.341184163093 -0.347169852256 10.340273857116
IMU 1723530560.076777 -0.030826120376 0.058256711959 0.027430586814 0.366324043273 -0.389668226242 10.398934364318
IMU 1723530560.17507 -0.005526065349 0.042011408805 -0.048669319152 0.147846469879 -0.397449607849 10.314536094665
IMU 1723530560.2734466 -0.012716608047 0.048003525733 -0.037284290790 0.292101526260 -0.383083963394 10.398934364318
IMU 1723530560.3718152 -0.008855020523 0.042943520545 0.067844099998 0.463890743255 -0.300481510162 10.411503791809
IMU 1723530560.470099 -0.007922912597 0.039081931114 0.022770049571 0.506987667083 -0.347169852256 10.308549880981
IMU 1723530560.5642 -0.049335107803 0.024967162609 0.030360066890 0.123903727531 -0.496213483810 10.319923400878
IMU 1723530560.6669126 0.006924226284 -0.016511616706 -0.036685082912 0.305868601799 -0.639271354675 10.320521354675
IMU 1723530560.760839 0.015313191413 0.045540099143 -0.069508581161 0.510579109191 -0.325621366500 10.488718986511
IMU 1723530560.8592842 -0.041944832801 0.065846729278 0.030160331726 0.310657143592 -0.335797047615 10.190033912658
IMU 1723530560.957584 -0.055127487182 0.010785813331 0.118976842880 0.703318214416 -1.052882313728 10.500690460205
IMU 1723530561.0557907 -0.054062223434 0.051931695938 0.004127903938 0.381288261413 0.330409908294 10.879584312438
IMU 1723530561.1542397 0.016711353302 0.053729333877 -0.019307937622 0.837996196746 -0.098763837814 10.747900009155
IMU 1723530561.2523658 -0.086685981750 0.168511700630 -0.005659223079 0.377098298072 -0.465686416625 10.706598281860
IMU 1723530561.3505564 0.123970282077 0.065846729278 -0.006125276565 0.483044958114 -0.226857542991 10.395342826843
IMU 1723530561.4490986 -0.029427962303 0.062451195716 0.048403000831 0.322029948234 -0.386675376892 10.278621673583
IMU 1723530561.5431697 -0.045007472038 0.012183974981 0.088150730133 0.260975956916 -0.390865345001 10.338479042053
IMU 1723530561.6416752 -0.000332895469 0.039215089797 0.073969368934 0.263370227813 -0.495016288757 10.225947380065
IMU 1723530561.7398493 0.025166897773 0.040346932411 -0.066712255477 0.372309732437 -0.141860780715 10.510268211364
IMU 1723530561.8382807 0.042211146354 0.076366224288 -0.102997875213 0.259180259704 -0.310058593750 10.454002380371
IMU 1723530561.9365819 0.009321072578 0.097604961395 0.005592644214 0.444138002395 -0.267560219764 10.422876358032
IMU 1723530562.030667 -0.042943520545 0.022969789505 0.005992119312 0.187950563430 -0.125699424743 10.473754882812
IMU 1723530562.128996 -0.028296115875 0.010519497394 0.028029799461 0.317839980125 -0.104749524593 10.422876358032
IMU 1723530562.2314 -0.029760858535 -0.013249241113 -0.045007472038 0.397449607849 -0.052075476646 10.510268211364
IMU 1723530562.3297977 -0.014647401809 0.036152448654 -0.067844099998 0.272947335243 -0.076018218994 10.421081542968
IMU 1723530562.4287753 -0.008921599388 0.044674577713 -0.014181346893 0.396851062774 -0.216083312034 10.337281227111
IMU 1723530562.5263917 -0.031691651344 0.054195380210 -0.011385024785 0.460299348831 -0.284320144653 10.308549880981
IMU 1723530562.6249475 -0.015646086692 0.049468274116 0.055793280601 0.381288261413 -0.353155517578 10.275629043579
IMU 1723530562.7230587 -0.010719233751 0.036285610198 0.003328955173 0.367521190643 -0.030527000427 10.451009750366
IMU 1723530562.821256 -0.014580821990 0.046805105209 0.001531319141 0.369915461540 -0.215484738349 10.379779815673
IMU 1723530562.9197705 -0.019707412719 0.044008784294 -0.024301366806 0.325022816658 -0.207703328132 10.377984046936
IMU 1723530563.0178156 -0.083889665603 0.072571220397 0.022703471183 0.493220615386 -0.254990291595 10.414496421813
IMU 1723530563.116212 -0.073836221694 0.070107789039 -0.040613250732 0.311255717277 -0.308262872695 10.442629814147
IMU 1723530563.214594 -0.003595271348 0.051399064064 0.001065265417 0.330409908294 -0.287911529541 10.448615074157
IMU 1723530563.3128266 -0.016711353302 0.044474835395 -0.000466053724 0.374704003334 -0.351359820365 10.414496421813
IMU 1723530563.4111288 -0.034487974643 0.045207209587 0.022303996086 0.169394946098 -0.404033851623 10.383371353149
IMU 1723530563.5094597 -0.014780559539 0.045806417465 -0.037950084209 0.337592744827 -0.346571254730 10.422278404235
IMU 1723530563.607868 -0.017243987083 0.050400381088 -0.035486655235 0.367521190643 -0.370514035224 10.465973854064
IMU 1723530563.7060778 -0.018109514236 0.047337737083 0.004793694496 0.439947986602 -0.456109333038 10.315134048461
IMU 1723530563.8043077 -0.011451604366 0.048602733612 0.004860274314 0.364528322219 -0.384281110763 10.258869171142
IMU 1723530563.8987992 0.059721450805 0.026498482227 0.043942203521 0.416005229949 -0.471073579788 10.043982505798
IMU 1723530563.99697 -0.086219930648 0.047737212181 0.147139797210 0.332804203033 -0.504593420028 10.404320716857
IMU 1723530564.0953605 -0.014580821990 0.045140628814 0.000000000000 0.429173755645 -0.412413835525 10.351647377014
IMU 1723530564.1936126 -0.015180033683 0.046605367660 -0.000266316366 0.368718338012 -0.362134075164 10.406116485595
IMU 1723530564.2920988 -0.014647401809 0.044075365066 -0.001464740180 0.338191318511 -0.399843902587 10.373195648193
IMU 1723530564.3903964 -0.013915030956 0.046339054107 -0.000798949146 0.326818513870 -0.359141230583 10.438439369201
IMU 1723530564.4887397 -0.014514243602 0.048336420059 0.000133158183 0.354951238632 -0.359141230583 10.384568214416
IMU 1723530564.5869064 -0.015978984832 0.046538786888 0.001597898244 0.326818513870 -0.348965549468 10.408511161804
IMU 1723530564.6851332 -0.016777932643 0.047470898628 0.001265002965 0.331607079505 -0.381288261413 10.376188278198
IMU 1723530564.7835653 -0.013049502372 0.048802480697 0.000399474573 0.322029948234 -0.389668226242 10.407912254333
IMU 1723530564.8818688 -0.013981610488 0.046272473335 -0.000665790939 0.329811358451 -0.391463947296 10.408511161804
IMU 1723530564.9800053 -0.014314506053 0.047870368957 -0.000932107448 0.329212784767 -0.377696847915 10.411503791809
IMU 1723530565.0784006 -0.016777932643 0.047004847526 -0.000732370090 0.347169852256 -0.379492545127 10.403722763061
IMU 1723530565.1767004 -0.014447664260 0.045939579010 -0.000399474573 0.338789892196 -0.349564123153 10.385167121887
IMU 1723530565.279059 -0.015379772186 0.047004847526 -0.000466053724 0.336994171142 -0.371112585067 10.428862571716
IMU 1723530565.3774023 -0.014247927665 0.047803792953 -0.000066579093 0.330409908294 -0.378893995285 10.407314300537
IMU 1723530565.4757073 -0.016844511032 0.045673265457 0.000532632732 0.334599924087 -0.373506879806 10.389356613159
IMU 1723530565.5698936 -0.015113454818 0.049734587669 0.000133158183 0.305868601799 -0.370514035224 10.430658340454
IMU 1723530565.6722841 -0.015246613025 0.047604055404 -0.000599211788 0.371711158752 -0.343578433990 10.452206611633
IMU 1723530565.7667942 -0.014780559539 0.049068794250 0.001864214897 0.284918689727 -0.389668226242 10.424672126770
IMU 1723530565.8649604 -0.015845825672 0.047604055404 0.000399474573 0.310657143592 -0.384281110763 10.412701606750
IMU 1723530565.9633567 -0.014514243602 0.046938266754 0.000532632732 0.337592744827 -0.350162696838 10.413898468017
IMU 1723530566.0614595 -0.016977668762 0.046205892562 -0.000665790939 0.302277207374 -0.351958394050 10.305557250976
IMU 1723530566.1599836 -0.012183974981 0.045806417465 0.000000000000 0.356746935844 -0.392661075592 10.408511161804
IMU 1723530566.258167 -0.016178721427 0.046405630111 -0.000399474573 0.339987015724 -0.424983787536 10.379180908203
IMU 1723530566.3567476 -0.015379772186 0.047138004302 -0.000466053724 0.344177007675 -0.387273931503 10.439038276672
IMU 1723530566.4588747 -0.015912404060 0.044940891265 -0.000133158183 0.340585589408 -0.334599924087 10.403123855590
IMU 1723530566.557409 -0.013915030956 0.047737212181 -0.000466053724 0.328614211082 -0.354352688789 10.410905838012
IMU 1723530566.6555033 -0.016378456115 0.047803792953 -0.000399474573 0.345374131202 -0.393858194351 10.403123855590
IMU 1723530566.7538729 -0.014913718700 0.047737212181 0.000532632732 0.344177007675 -0.404033851623 10.415095329284
IMU 1723530566.8521118 -0.015845825672 0.046938266754 0.000399474573 0.339987015724 -0.357944059371 10.428263664245
IMU 1723530566.9505296 -0.014713981151 0.047071418762 -0.000199737281 0.326818513870 -0.378893995285 10.401328086853
IMU 1723530567.0489185 -0.014780559539 0.045340366363 -0.000599211788 0.353155517578 -0.347169852256 10.407314300537
IMU 1723530567.1470509 -0.013049502372 0.045806417465 -0.000266316366 0.334599924087 -0.357345533370 10.417490005493
IMU 1723530567.245471 -0.015113454818 0.045273785591 0.000466053724 0.330409908294 -0.378295421600 10.346260070800
IMU 1723530567.343741 -0.014980297088 0.048336420059 0.000599211788 0.311255717277 -0.424385213851 10.426467895507
IMU 1723530567.4419718 -0.014314506053 0.046671943664 -0.000266316366 0.342381286621 -0.418399524688 10.385765075683
IMU 1723530567.5405862 -0.015712666511 0.046538786888 -0.000466053724 0.354352688789 -0.321431398391 10.415694236755
IMU 1723530567.6386762 -0.012450290918 0.047803792953 -0.001131844639 0.350761270523 -0.332205629348 10.409110069274
IMU 1723530567.7368944 -0.014847137928 0.046006155014 -0.000133158183 0.314248561859 -0.386076812744 10.366611480712
IMU 1723530567.8353057 -0.016045563220 0.044341678619 -0.001797635650 0.347768425941 -0.405829572677 10.382772445678
IMU 1723530567.9336815 -0.014447664260 0.046805105209 -0.000399474573 0.319635677337 -0.356746935844 10.408511161804
IMU 1723530568.0359015 -0.014580821990 0.048403000831 -0.000266316366 0.348965549468 -0.350761270523 10.422876358032
IMU 1723530568.1342824 -0.015180033683 0.048469581604 -0.000133158183 0.330409908294 -0.383083963394 10.411503791809
IMU 1723530568.2325163 -0.014048190116 0.045739836692 0.000399474573 0.331607079505 -0.425582361221 10.397736549377
IMU 1723530568.3309438 -0.013848452568 0.047004847526 -0.000932107448 0.323227119445 -0.414808130264 10.383371353149
IMU 1723530568.4290698 -0.015912404060 0.047670636177 0.000000000000 0.336994171142 -0.357944059371 10.397138595581
IMU 1723530568.5234978 -0.015046876907 0.047470898628 0.000332895469 0.311854314804 -0.318438553810 10.409110069274
IMU 1723530568.6217306 -0.013315820693 0.045540099143 0.000000000000 0.351359820365 -0.353155517578 10.328901290893
IMU 1723530568.7201834 -0.013981610488 0.044408259391 -0.001664477586 0.338789892196 -0.374704003334 10.375590324401
