IMU 1723530732.9187722 -0.014247927665 0.046738529205 -0.000532632732 -0.310657143592 -0.438750839233 10.379779815673
IMU 1723530733.0172863 -0.012716608047 0.047803792953 0.000332895469 -0.311854314804 -0.427976608276 10.400131225585
IMU 1723530733.1156569 -0.015046876907 0.046938266754 -0.001265002965 -0.314847135543 -0.423188066482 10.374392509460
IMU 1723530733.2138102 -0.014381085395 0.047071418762 0.000133158183 -0.314248561859 -0.422589492797 10.385765075683
IMU 1723530733.3161561 -0.014181346893 0.048269844055 -0.000932107448 -0.277735900878 -0.416603803634 10.389356613159
IMU 1723530733.4145844 -0.015446352005 0.047936954498 0.000133158183 -0.293897247314 -0.419596672058 10.392948150634
IMU 1723530733.5127282 -0.014580821990 0.046006155014 -0.000865528297 -0.288510112762 -0.445335102081 10.401328086853
IMU 1723530733.6112268 -0.013182661533 0.046605367660 0.000466053724 -0.281925868988 -0.442940807342 10.376787185668
IMU 1723530733.7096279 -0.015646086692 0.047337737083 0.000199737281 -0.314248561859 -0.442342281341 10.395940780639
IMU 1723530733.811802 -0.015446352005 0.046738529205 0.000599211788 -0.250201725959 -0.413610982894 10.383371353149
IMU 1723530733.9100418 -0.012982923984 0.046006155014 0.001198423624 -0.341782712936 -0.450722265243 10.419883728027
IMU 1723530734.0084138 -0.016112141609 0.046405630111 -0.001198423624 -0.395653915405 -0.499206304550 10.398335456848
IMU 1723530734.1068835 -0.016311881542 0.045806417465 0.001864214897 -0.292101526260 -0.457905054092 10.377984046936
IMU 1723530734.20509 -0.014647401809 0.046605367660 0.000665790939 -0.254391694068 -0.388471107482 10.397736549377
IMU 1723530734.307679 -0.014847137928 0.047870368957 -0.000399474573 -0.269355916976 -0.402836751937 10.399532318115
IMU 1723530734.4059768 -0.015712666511 0.046805105209 -0.000199737281 -0.344775557518 -0.467482137680 10.373794555664
IMU 1723530734.5043054 -0.014780559539 0.046472210884 0.000266316366 -0.324424242973 -0.454912233352 10.371998786926
IMU 1723530734.6079855 -0.014713981151 0.046339054107 -0.000732370090 -0.284918689727 -0.416603803634 10.405518531799
IMU 1723530734.7050827 -0.013848452568 0.045939579010 -0.000066579093 -0.259778833389 -0.415406656265 10.409110069274
IMU 1723530734.803411 -0.014181346893 0.047204580307 0.000466053724 -0.311854314804 -0.431568050384 10.386962890625
IMU 1723530734.901406 -0.015912404060 0.046805105209 -0.000399474573 -0.323227119445 -0.446532249450 10.398335456848
IMU 1723530735.0038748 -0.014847137928 0.047071418762 -0.000066579093 -0.310058593750 -0.429772329330 10.403722763061
IMU 1723530735.1022282 -0.015978984832 0.047004847526 -0.001265002965 -0.295692939758 -0.400442457199 10.386363983154
IMU 1723530735.200523 -0.013515555858 0.046738529205 0.000199737281 -0.300481510162 -0.424385213851 10.394145965576
IMU 1723530735.29888 -0.014447664260 0.045340366363 0.000199737281 -0.301080036163 -0.447130823135 10.404919624328
IMU 1723530735.4011767 -0.015978984832 0.045273785591 -0.000199737281 -0.319635677337 -0.446532249450 10.392948150634
IMU 1723530735.4996467 -0.014314506053 0.045606679916 -0.001265002965 -0.296291494369 -0.430969476699 10.410306930541
IMU 1723530735.6021936 -0.015180033683 0.046205892562 -0.000932107448 -0.281327266693 -0.425582361221 10.389955520629
IMU 1723530735.7002816 -0.013715293407 0.047670636177 -0.001464740180 -0.289108705520 -0.424983787536 10.386962890625
IMU 1723530735.7989364 -0.014647401809 0.047204580307 0.000332895469 -0.306467175483 -0.441743707656 10.401328086853
IMU 1723530735.8971255 -0.013915030956 0.047404317855 0.000000000000 -0.301080036163 -0.427378082275 10.407912254333
IMU 1723530735.9992507 -0.013848452568 0.046339054107 -0.000332895469 -0.315445685386 -0.450722265243 10.394743919372
IMU 1723530736.0978687 -0.014381085395 0.047271161079 -0.000266316366 -0.287911529541 -0.435758018493 10.395342826843
IMU 1723530736.1960812 -0.015646086692 0.045340366363 -0.000266316366 -0.302875757217 -0.430370903015 10.397138595581
IMU 1723530736.2942898 -0.014247927665 0.047936954498 0.000865528297 -0.323825645446 -0.426779460906 10.383970260620
IMU 1723530736.396586 -0.013315820693 0.046339054107 -0.000133158183 -0.303474330902 -0.445933675765 10.406715393066
IMU 1723530736.4949973 -0.014048190116 0.047604055404 0.000599211788 -0.316642856597 -0.431568050384 10.394743919372
IMU 1723530736.5931878 -0.012982923984 0.046871685981 -0.000466053724 -0.306467175483 -0.423188066482 10.417490005493
IMU 1723530736.6958303 -0.014447664260 0.048536162376 -0.000732370090 -0.307065749168 -0.441145133972 10.402525901794
IMU 1723530736.7941358 -0.013648715019 0.047004847526 -0.000066579093 -0.285517263412 -0.428575181961 10.402525901794
IMU 1723530736.8923576 -0.014647401809 0.047870368957 -0.001265002965 -0.312452840805 -0.448926544189 10.388758659362
IMU 1723530736.994702 -0.015446352005 0.046139316558 0.000266316366 -0.317241406440 -0.436955165863 10.380378723144
IMU 1723530737.093079 -0.013582135438 0.046405630111 0.000066579093 -0.292101526260 -0.414808130264 10.399532318115
IMU 1723530737.1915176 -0.014314506053 0.045473518371 -0.001198423624 -0.300481510162 -0.429772329330 10.389356613159
IMU 1723530737.2898014 -0.013915030956 0.046205892562 0.000332895469 -0.298087215423 -0.435758018493 10.401926994323
IMU 1723530737.3919678 -0.015313191413 0.045273785591 -0.000599211788 -0.293897247314 -0.434560871124 10.384568214416
IMU 1723530737.4903595 -0.014780559539 0.048602733612 -0.000133158183 -0.300481510162 -0.427976608276 10.400131225585
IMU 1723530737.5886266 -0.014713981151 0.046538786888 -0.000199737281 -0.305270051956 -0.426180934906 10.412701606750
IMU 1723530737.691217 -0.014381085395 0.046205892562 -0.000266316366 -0.302875757217 -0.451919364929 10.388159751892
IMU 1723530737.789572 -0.014847137928 0.048070106506 0.000865528297 -0.298087215423 -0.428575181961 10.395342826843
IMU 1723530737.8878844 -0.014514243602 0.048469581604 0.000865528297 -0.313051438331 -0.410618114471 10.375590324401
IMU 1723530737.986273 -0.014580821990 0.048070106506 0.000865528297 -0.272947335243 -0.387872505187 10.394743919372
IMU 1723530738.0844371 -0.013915030956 0.047204580307 -0.000266316366 -0.296890068054 -0.453116512298 10.394145965576
IMU 1723530738.1868272 -0.015180033683 0.046671943664 -0.000932107448 -0.339388465881 -0.456707906723 10.388159751892
IMU 1723530738.2853248 -0.015246613025 0.046538786888 -0.000133158183 -0.325022816658 -0.443539428710 10.378582954406
IMU 1723530738.3875387 -0.015779244899 0.048403000831 -0.000732370090 -0.289108705520 -0.431568050384 10.385167121887
IMU 1723530738.485884 -0.014780559539 0.045739836692 -0.000199737281 -0.280130147933 -0.411216688156 10.391152381896
IMU 1723530738.5843415 -0.013915030956 0.045606679916 0.000599211788 -0.308861470222 -0.440546560287 10.401328086853
IMU 1723530738.682344 -0.015313191413 0.046605367660 0.000199737281 -0.335797047615 -0.459102201461 10.404320716857
IMU 1723530738.7806695 -0.015978984832 0.048003525733 0.000532632732 -0.292700080871 -0.429173755645 10.401926994323
IMU 1723530738.8793237 -0.014847137928 0.048203268051 0.001997373104 -0.296890068054 -0.408223867416 10.385765075683
IMU 1723530738.9813807 -0.014580821990 0.045540099143 0.000599211788 -0.303474330902 -0.444138002395 10.412102699279
IMU 1723530739.0798113 -0.013582135438 0.046205892562 -0.000532632732 -0.322628521919 -0.476460695266 10.397736549377
IMU 1723530739.1782987 -0.015446352005 0.045739836692 -0.001464740180 -0.328015661239 -0.422589492797 10.401926994323
IMU 1723530739.280584 -0.012716608047 0.046605367660 -0.000599211788 -0.272348761558 -0.435159444808 10.410306930541
IMU 1723530739.3808906 -0.013848452568 0.045473518371 -0.000133158183 -0.280130147933 -0.417202377319 10.383970260620
IMU 1723530739.4812598 -0.015046876907 0.046006155014 -0.000599211788 -0.312452840805 -0.458503627777 10.396539688110
IMU 1723530739.579514 -0.014181346893 0.047071418762 -0.000932107448 -0.316642856597 -0.456109333038 10.429461479187
IMU 1723530739.6777692 -0.015046876907 0.047271161079 0.000266316366 -0.302277207374 -0.443539428710 10.405518531799
IMU 1723530739.7767804 -0.013781871795 0.046072735786 -0.000066579093 -0.280728721618 -0.409421014785 10.413898468017
IMU 1723530739.8786132 -0.013981610488 0.047670636177 0.008455545425 -0.404033851623 -0.348366975784 10.349252700805
IMU 1723530739.9768205 -0.013382399082 0.049201955795 -0.000798949146 -0.251398849487 -0.452517938613 10.418087959289
IMU 1723530740.0751479 -0.014847137928 0.048802480697 0.000998686599 -0.269355916976 -0.423188066482 10.357034683227
IMU 1723530740.1736233 -0.014181346893 0.046805105209 -0.000532632732 -0.279531598091 -0.421990919113 10.399532318115
IMU 1723530740.2760503 -0.014980297088 0.045473518371 0.000000000000 -0.304072880744 -0.439947986602 10.382772445678
IMU 1723530740.3758113 -0.014847137928 0.047071418762 0.000332895469 -0.288510112762 -0.433363723754 10.410306930541
IMU 1723530740.4725714 -0.014580821990 0.046405630111 -0.000266316366 -0.326818513870 -0.429772329330 10.381575584411
IMU 1723530740.5711737 -0.013848452568 0.045207209587 -0.000532632732 -0.322628521919 -0.441743707656 10.388758659362
IMU 1723530740.673287 -0.014713981151 0.047737212181 0.000000000000 -0.316044282913 -0.417202377319 10.381575584411
IMU 1723530740.7715037 -0.014181346893 0.046538786888 -0.001597898244 -0.297488670349 -0.412413835525 10.399532318115
IMU 1723530740.869976 -0.013116083145 0.045806417465 -0.000466053724 -0.338789892196 -0.506389141082 10.388159751892
IMU 1723530740.972285 -0.016045563220 0.047204580307 -0.001131844639 -0.313051438331 -0.431568050384 10.408511161804
IMU 1723530741.0705664 -0.015579508781 0.046472210884 0.000732370090 -0.305270051956 -0.422589492797 10.397736549377
IMU 1723530741.1688995 -0.016045563220 0.047004847526 -0.000599211788 -0.282524442672 -0.459102201461 10.390554428100
IMU 1723530741.2673905 -0.122838425636 0.011318446397 -0.099668903350 0.106545233726 -0.451320791244 10.239116668701
IMU 1723530741.3655844 0.044208521842 0.060120925903 -0.328700995445 -0.619518566131 -0.299882907867 10.470762252807
IMU 1723530741.4678395 -0.078563332557 0.041345620155 0.263386917114 -0.235237503051 -0.425582361221 10.503085136413
IMU 1723530741.5664194 -0.018242673873 0.054661440849 0.002862901210 -0.348366975784 -0.344775557518 10.562343597412
IMU 1723530741.6651607 -0.007257122039 0.045340366363 0.010586076974 -0.050878338813 -0.414209556579 10.377385139465
IMU 1723530741.7630458 0.091612834930 0.061053032875 0.096339950561 -0.230448937416 -0.416603803634 10.389955520629
IMU 1723530741.8626647 -0.070307531356 0.025166897773 0.038948774337 -0.787716388702 -0.167000665664 10.550970077514
IMU 1723530741.9595912 -0.200869131088 -0.238819217681 -0.126034235954 -0.021548471450 -0.522550487518 10.374991416931
IMU 1723530742.0620458 -0.014314506053 0.048869056701 -0.062917242050 0.086193885803 -0.565048885345 10.423475265502
IMU 1723530742.1600788 -0.021305308341 0.202333879470 -0.054794597625 0.205309057235 -0.597970104217 10.292987823486
IMU 1723530742.2584822 0.144476642608 0.138351368904 0.016644774436 -0.254391694068 -0.365725493431 10.454002380371
IMU 1723530742.3569484 -0.024567685127 0.084022817611 -0.131626868247 -0.368119740486 0.199323368072 10.530619621276
IMU 1723530742.4552479 -0.072504639625 0.068576469421 -0.140415310859 -0.020351336002 -0.553676080703 10.391152381896
IMU 1723530742.5537584 0.052730646133 0.051931695938 -0.094142837524 -0.363929772377 -0.860741806030 10.230736732482
IMU 1723530742.6519291 0.166913795471 0.062251462936 -0.014647401809 -0.053272619247 -0.672791242599 10.464776992797
IMU 1723530742.7502306 0.102864706516 0.029827437400 -0.050333795547 -0.204111933708 -0.005985686779 10.505478858947
IMU 1723530742.8524587 0.046605367660 -0.011651341915 -0.080760440826 -0.361535501480 -0.048484063148 10.512661933898
IMU 1723530742.9508784 -0.071372795104 0.004061325073 -0.216581797599 -0.302875757217 0.313650012016 10.269642829895
IMU 1723530743.0495205 -0.126034235954 0.054062223434 -0.327768898010 -0.163409256935 -0.317839980125 10.248693466186
IMU 1723530743.1475863 0.005526065349 0.143145060539 -0.173505125045 -0.142459344863 -0.582407379150 10.134366989135
IMU 1723530743.2497618 0.121573436260 -0.022037682533 -0.106326818466 -0.559063196182 -0.214886164665 10.656318664550
IMU 1723530743.348245 0.048336420059 0.062184877395 -0.109123134613 -0.447729396820 0.005985686779 10.593468666076
IMU 1723530743.4465656 -0.049734587669 0.037484030723 -0.252068471908 -0.377696847915 0.007781393051 10.352844238281
IMU 1723530743.5449824 -0.003994746208 0.104129707813 -0.227167892456 -0.257983112335 -0.111333775520 10.343865394592
IMU 1723530743.6430123 0.030293488502 0.025499794483 -0.164317202568 -0.257983112335 -0.314248561859 10.515654563903
IMU 1723530743.7416 0.023435842990 0.103929972648 -0.107125771045 -0.405829572677 0.082602481842 10.386363983154
IMU 1723530743.8398979 0.026232166290 0.022237417697 -0.131693458557 -0.194534826278 0.023942747116 10.413898468017
IMU 1723530743.9387088 0.007190542697 0.002396847248 -0.153265094757 -0.420793819427 0.138867950439 10.410306930541
IMU 1723530744.0362582 0.037550611495 0.030959281921 -0.157792448997 -0.151437878608 -0.001795706176 10.430059432983
IMU 1723530744.1350033 0.022303996086 0.061785407066 -0.064448566436 -0.450722265243 0.088588171005 10.713182449340
IMU 1723530744.2330766 -0.004793694496 0.130028975009 -0.149869546890 -0.289707231521 0.032921278476 10.184646606445
IMU 1723530744.3315046 -0.058789343833 0.074302268028 -0.219045233726 -0.354352688789 0.234040355682 10.458192825317
IMU 1723530744.4296718 -0.126367115974 0.042011408805 -0.206328606605 -0.476460695266 0.124502289295 10.406116485595
IMU 1723530744.5339978 -0.127166080474 -0.030027172565 -0.161054840087 -0.188549146652 -0.260377383232 10.037398338317
IMU 1723530744.6303132 -0.071905426979 0.011784501075 -0.190815696716 -0.301678633689 -0.217879009246 10.357632637023
IMU 1723530744.7327688 -0.059255399703 0.018508987426 -0.159789824485 -0.302277207374 -0.161014976501 10.409110069274
IMU 1723530744.8308744 -0.010719233751 0.066978573799 -0.132292675971 -0.175380635261 -0.360338354110 10.352245330810
IMU 1723530744.9293945 -0.017909778594 0.095407848358 -0.202799940109 -0.287312984466 -0.084398183822 10.425869941711
IMU 1723530745.0317059 -0.015446352005 0.068509888648 -0.200602817535 -0.361535501480 -0.164007830619 10.582096099853
IMU 1723530745.1303978 -0.026232166290 0.070973310470 -0.196741237640 -0.313650012016 -0.169394946098 10.390554428100
IMU 1723530745.2324674 -0.014381085395 0.078097276687 -0.203066253662 -0.317241406440 -0.334001326560 10.294782638549
IMU 1723530745.3309176 -0.007523438453 0.067244887351 -0.178631725311 -0.390266799926 -0.398646736145 10.338479042053
IMU 1723530745.4294028 0.032690334320 0.074635171890 -0.187020683288 -0.321431398391 -0.371112585067 10.541992187500
IMU 1723530745.5272853 0.035420083999 0.045939579010 -0.171973810195 -0.269954466819 -0.328614211082 10.385167121887
IMU 1723530745.6298637 -0.027297430038 0.031558489799 -0.197806501388 -0.336994171142 -0.367521190643 10.406116485595
IMU 1723530745.7280712 -0.008455545425 0.056858549118 -0.226036024093 -0.396252489089 -0.257384538650 10.439637184143
IMU 1723530745.826698 -0.011917658996 0.082491493225 -0.327302837371 -0.476460695266 -0.240026044845 10.413898468017
IMU 1723530745.9247682 0.007656595706 0.087751255035 -0.318248081207 -0.312452840805 -0.334001326560 10.357034683227
IMU 1723530746.027215 -0.007390279769 0.037217712402 -0.307462263107 -0.238230347633 -0.435758018493 10.321719169616
IMU 1723530746.1256406 0.050733275413 0.080960187911 -0.189217796325 -0.390865345001 -0.023344180583 10.424672126770
IMU 1723530746.227081 -0.051132745742 0.040812983512 -0.207194137573 -0.404033851623 -0.250800275802 10.197814941406
IMU 1723530746.326079 -0.053995647430 0.069708318710 -0.268779802322 -0.605751514434 -0.551281738281 10.553364753723
IMU 1723530746.4247637 -0.084089393615 0.075900168418 -0.232760524749 -0.466883611679 -0.505790519714 10.479741096496
IMU 1723530746.5226977 -0.010186601877 0.084755191802 -0.127099502086 -0.375901126861 -0.554873180389 10.294782638549
IMU 1723530746.625149 0.081958875656 0.074435424804 -0.100001800060 -0.462693595886 -0.350162696838 10.261861801147
IMU 1723530746.7236035 0.035952713489 0.091346530914 -0.109123134613 -0.603955793380 -0.232843208312 10.446221351623
IMU 1723530746.8219516 -0.016445038318 0.082558078765 -0.092678108215 -0.610540103912 -0.421990919113 10.395342826843
IMU 1723530746.9202812 0.029894013404 0.102731549739 -0.070773591995 -0.618321466445 -0.237033200263 10.354041099548
IMU 1723530747.0225139 -0.012250553369 0.046871685981 -0.071039891242 -0.560858821868 -0.343578433990 10.259467124938
IMU 1723530747.1209116 0.036685082912 0.070773591995 -0.030426647663 -0.600963020324 -0.278933024406 10.391751289367
IMU 1723530747.2193213 -0.000998686599 0.065646991729 -0.066312785148 -0.674586963653 -0.297488670349 10.468367576599
IMU 1723530747.3217905 -0.071505951881 0.075367536544 -0.121640014648 -0.769759368896 -0.322029948234 10.475550651550
IMU 1723530747.4199748 -0.011784501075 0.066113047599 -0.119376325607 -0.749408006668 -0.320234274864 10.416891098022
IMU 1723530747.5183284 0.047604055404 0.078629913330 -0.063116979598 -0.887677383422 -0.098763837814 10.263657569885
IMU 1723530747.6176417 -0.029294803619 0.083956241607 -0.121173954010 -0.649447011947 -0.085595321655 10.288797378540
IMU 1723530747.7191226 -0.010785813331 0.057790656089 -0.137619006633 -0.513571929931 -0.281327266693 10.392350196838
IMU 1723530747.8174474 0.009787127494 0.089881782531 -0.129629492759 -0.861340332031 -0.265165925025 10.397138595581
IMU 1723530747.915738 -0.059921188354 0.037217712402 -0.180029878616 -0.823031997680 -0.327417087554 10.401926994323
IMU 1723530748.0144742 0.027630326747 0.083889665603 -0.130228710174 -0.709902477264 -0.449525070190 10.345661163330
IMU 1723530748.1163354 0.041811676025 0.078496751785 -0.122106063365 -0.818243408203 -0.333402752876 10.389955520629
IMU 1723530748.2146807 0.028895328521 0.090214672088 -0.105128395557 -0.836799049377 -0.308262872695 10.307353019714
IMU 1723530748.3128893 0.000199737281 0.092678108215 -0.161254587173 -0.957709884643 0.043695516586 10.469565391540
IMU 1723530748.4113348 -0.131493711471 0.062650923728 -0.310258579254 -1.012179732322 -0.254391694068 10.403123855590
IMU 1723530748.509619 0.047071418762 0.039747719764 -0.341683912277 -0.969681358337 -0.400442457199 10.263058662414
IMU 1723530748.607888 0.064848041534 0.053529596328 -0.472445297241 -0.739830923080 -0.290904407501 10.212779045104
IMU 1723530748.7060955 0.065846729278 0.019307937622 -0.409860944747 -0.733845233917 -0.703916788101 10.514457702636
IMU 1723530748.8047109 0.049335107803 0.045806417465 -0.232427620887 -0.864333248138 -0.383682537078 10.427665710449
IMU 1723530748.9069479 0.050466957092 0.031957969665 -0.093543634414 -0.764372253417 -0.258581662178 10.215173721313
IMU 1723530749.005133 -0.042544040679 0.078829650878 -0.112385523319 -0.745816612243 -0.401639604568 10.303163528442
IMU 1723530749.103414 -0.053063540458 0.040480093955 -0.193279123306 -1.060065150260 -0.578815937042 10.642551422119
IMU 1723530749.2058651 -0.004527378559 0.034754290580 -0.086952295303 -0.829616260528 -0.239427471160 10.148732185363
IMU 1723530749.3043902 -0.095074949264 -0.013848452568 -0.050866432189 -0.653637027740 -0.636278533935 10.187040328979
IMU 1723530749.4027226 0.073103847503 -0.013182661533 0.126766610145 -0.645257043838 -0.311255717277 10.382174491882
IMU 1723530749.5008783 0.000199737281 0.060187506675 0.167446432113 -0.648249912261 -0.721275281906 10.365414619445
IMU 1723530749.599463 -0.032357442378 0.082358350753 0.307462263107 -0.581808805465 -0.873910331726 10.433650970458
IMU 1723530749.702851 0.103530502319 -0.030626382827 0.517652511596 -0.497410583496 -0.493220615386 10.286402702331
IMU 1723530749.7962327 0.070706996917 0.024634265899 0.477372121810 -0.810461997985 -0.070631113052 10.500092506408
IMU 1723530749.8940403 0.022237417697 0.033489286899 0.339353656768 -0.721275281906 0.013168512582 10.564737319946
IMU 1723530749.9925747 -0.023435842990 0.050067477226 0.297009353637 -0.609941482543 0.158022141456 10.376188278198
IMU 1723530750.0908272 -0.100268125534 0.017110826969 0.251336097717 -0.721873855590 -0.071828246116 10.269642829895
IMU 1723530750.1890395 -0.057724075317 0.025566372871 0.291283559799 -0.626701402664 -0.084398183822 10.101445198059
IMU 1723530750.287509 0.059854607582 0.079095964431 0.293613815307 -0.487833499908 0.022745611667 10.501289367675
IMU 1723530750.3857596 0.013715293407 -0.026831376552 0.311390423774 -0.521353340148 0.368718338012 10.231933593750
IMU 1723530750.4841282 0.002729743003 0.031558489799 0.295478057861 -0.432166624069 -0.018555629730 10.267847061157
IMU 1723530750.5822935 -0.036285610198 -0.014314506053 0.309326505661 -0.530930471420 0.263370227813 10.524034500122
IMU 1723530750.6805487 -0.078297019004 0.008655282974 0.332695746421 -0.448327970504 0.120910871028 10.567730903625
IMU 1723530750.7791183 -0.118643951416 -0.022770049571 0.272375082969 -0.336994171142 0.326219940185 10.099051475524
IMU 1723530750.8772411 -0.001531319141 0.038083243370 0.200536251068 -0.458503627777 0.168197813034 10.516852378845
IMU 1723530750.9714062 -0.045806417465 0.097671527862 0.188352251052 -0.366922616958 0.022147042751 10.516852378845
IMU 1723530751.0698931 0.011185288429 0.024900581836 0.336091279983 -0.381886844635 -0.061652574539 10.497697830200
IMU 1723530751.168174 -0.028828749656 0.007190542697 0.246409225463 -0.131685113906 -0.024541316032 10.466572761535
IMU 1723530751.2703037 -0.012982923984 -0.001864214897 0.182226991653 -0.432166624069 0.093376722335 10.586285591125
IMU 1723530751.368888 -0.088283891677 0.054861173629 0.179963302612 -0.195731973648 -0.026935591697 10.272037506103
IMU 1723530751.4672735 -0.045207209587 0.042144565582 0.230230522155 -0.260377383232 -0.002394274711 10.278022766113
IMU 1723530751.5652692 -0.032490599155 -0.001531319141 0.238885807991 -0.286714410781 -0.254391694068 10.652727127075
IMU 1723530751.664002 -0.145608482360 0.087484931945 0.142612409591 -0.333402752876 0.045491223335 10.448017120361
IMU 1723530751.7621627 0.015446352005 0.057391176223 0.150468769073 -0.426180934906 -0.266961622238 10.610827445983
IMU 1723530751.8605428 0.057857232093 0.059921188354 0.173039064407 -0.304671478271 -0.034716987609 10.431257247924
IMU 1723530751.9587028 -0.013648715019 0.058256711959 0.171640920639 -0.351958394050 -0.041301240921 10.374991416931
IMU 1723530752.0573106 -0.117179214954 0.071905426979 0.149270343780 -0.407026720046 -0.096369562149 10.541992187500
IMU 1723530752.1553035 -0.065979886054 0.088084144592 0.151600599288 -0.418399524688 -0.142459344863 10.427066802978
IMU 1723530752.2536569 -0.028429274559 0.038349556922 0.106193649768 -0.374105453491 -0.254990291595 10.248094558715
IMU 1723530752.3520176 0.022303996086 0.023102946281 0.140681638717 -0.436955165863 -0.116720902919 10.363019943237
IMU 1723530752.4503367 0.031159017086 0.004527378559 0.167246699333 -0.298685789108 -0.275341606140 10.357034683227
IMU 1723530752.5492587 -0.068842782974 0.036352186203 0.134822666645 -0.374704003334 -0.094573860168 10.580300331115
IMU 1723530752.647024 -0.004327641487 0.007456859588 0.126034235954 -0.342381286621 -0.286714410781 10.419285774230
IMU 1723530752.7453034 0.045806417465 0.036019291877 0.162053527832 -0.305270051956 -0.149043607711 10.514457702636
IMU 1723530752.843548 -0.161254587173 0.072438058853 0.136353981494 -0.192739124298 -0.079011068344 10.622798919677
IMU 1723530752.9419746 -0.037284290790 0.034221653938 0.142878746986 -0.117319464683 -0.218477582931 10.193026542663
IMU 1723530753.0402746 0.104795503616 0.019441097259 0.152332973480 -0.076616792678 -0.213090467453 10.349252700805
IMU 1723530753.1385703 0.077298331260 0.055726709365 0.144077167510 -0.130487978458 0.044294085502 10.577905654907
IMU 1723530753.2367573 -0.045806417465 0.064115672111 0.074035949707 -0.354352688789 0.018555629730 10.504281997680
IMU 1723530753.3350646 -0.089548883438 0.047737212181 0.006524751186 -0.318438553810 -0.260377383232 10.495902061462
IMU 1723530753.4333317 0.004460799694 0.032290863990 0.041745095252 -0.182563447952 -0.305868601799 10.561145782470
IMU 1723530753.5318093 -0.007257122039 0.101067078113 0.125435018539 -0.248406004905 -0.238828921318 10.496500968933
IMU 1723530753.6301246 0.012716608047 0.081093339920 0.100001800060 -0.216083312034 -0.150839319229 10.239116668701
IMU 1723530753.7244306 0.010253181457 0.030426647663 0.112119197845 -0.296890068054 0.060455436706 10.421679496765
IMU 1723530753.8225234 -0.025433216094 0.031957969665 0.078297019004 -0.268158793449 0.147846469879 10.592870712280
IMU 1723530753.9211879 -0.025433216094 0.050666694641 0.111187088489 -0.183162021636 -0.029329867362 10.431855201721
IMU 1723530754.0192113 0.001131844639 0.048669319152 0.140348730087 -0.399245309829 0.039505534172 10.564737319946
IMU 1723530754.1174552 -0.003795008420 0.047404317855 0.109855508804 -0.376499700546 -0.105348098278 10.520443916320
IMU 1723530754.2158632 -0.066978573799 0.038282985687 0.128564238548 -0.251997423171 -0.155029296875 10.518648147583
IMU 1723530754.3144145 -0.076565971374 0.078363599777 0.117445528507 -0.285517263412 0.037709829807 10.480339050292
IMU 1723530754.4126337 -0.066579098701 0.033888759613 0.095008363723 -0.278933024406 -0.037111258506 10.404320716857
IMU 1723530754.5108848 0.108257616043 -0.002197110414 0.164383783340 -0.099960975646 0.055068321228 10.303761482238
IMU 1723530754.609314 -0.024634265899 0.046006155014 0.125501608848 -0.557866048812 0.483643484115 10.668290138244
IMU 1723530754.7075152 -0.175901985168 0.044607992172 0.002796322107 -0.091581010818 -0.181964883804 10.387560844421
IMU 1723530754.8070924 0.018109514236 0.017976356506 0.119243156433 -0.270553064346 -0.285517263412 10.380976676940
IMU 1723530754.9039135 0.130495047569 0.053995647430 0.128630817413 -0.416603803634 0.316642856597 10.586285591125
IMU 1723530755.0023785 -0.029827437400 0.032890076637 -0.033489286899 -0.151437878608 0.308861470222 10.380378723144
IMU 1723530755.1006312 0.045473518371 0.071039891242 0.014980297088 -0.289707231521 -0.083799610137 10.457593917846
IMU 1723530755.1992311 -0.035353498458 0.076033329963 -0.004926853179 -0.358542656898 0.107143795490 10.454002380371
IMU 1723530755.2932253 -0.172040390968 0.040879564285 0.185622510910 0.211893320083 0.113728058338 10.521640777587
IMU 1723530755.3913524 0.001864214897 0.195409641265 0.130361866950 -0.076018218994 -0.187351999282 10.310345649719
IMU 1723530755.4900293 -0.214651012420 -0.000599211788 0.578705501556 1.057670950889 -0.180169181823 10.522239685058
IMU 1723530755.588096 0.089948358535 0.119775795936 1.168330073356 0.006584256172 -0.432765197753 10.085882186889
IMU 1723530755.6863391 0.249871349334 0.062384614944 0.656669616699 -0.942745685577 0.080208206176 10.400730133056
IMU 1723530755.7805285 -0.144476642608 0.049268531799 0.014980297088 -0.461496448516 0.059856867790 10.376787185668
IMU 1723530755.8829606 0.045806417465 0.046938266754 -0.005725802421 -0.416603803634 -0.050279769897 10.378582954406
IMU 1723530755.9774003 0.004327641487 0.047404317855 -0.000732370090 -0.451320791244 0.070032539367 10.456995010375
IMU 1723530756.0756083 -0.057657499313 0.048136687278 0.007789754390 -0.451919364929 0.013767080307 10.425271034240
IMU 1723530756.1738951 0.010652654170 0.046871685981 -0.001464740180 -0.403435325622 0.011971373558 10.415095329284
IMU 1723530756.27215 -0.023901896476 0.047936954498 0.001398161048 -0.436356592178 0.027534160614 10.422876358032
IMU 1723530756.3707361 -0.008921599388 0.046139316558 -0.001864214897 -0.444138002395 -0.034118416309 10.415095329284
IMU 1723530756.4689515 -0.018841884613 0.049268531799 0.000266316366 -0.420195198059 -0.005387117862 10.427665710449
IMU 1723530756.5712352 -0.010452919006 0.045340366363 -0.001597898244 -0.430370903015 -0.006584256172 10.444425582885
IMU 1723530756.6695037 -0.009520811080 0.046738529205 -0.001731056594 -0.412413835525 0.004189981460 10.397138595581
IMU 1723530756.767781 -0.019241359710 0.046938266754 -0.000532632732 -0.429173755645 0.000000000000 10.393547058105
IMU 1723530756.8663294 -0.017177405357 0.046805105209 0.000066579093 -0.426180934906 0.006584256172 10.426467895507
IMU 1723530756.9643896 -0.011518183946 0.047936954498 -0.000199737281 -0.417202377319 0.005985686779 10.418087959289
IMU 1723530757.0629492 -0.009121336936 0.045739836692 -0.001265002965 -0.414808130264 0.008379962921 10.418087959289
IMU 1723530757.1610937 -0.025766110420 0.049002213478 0.002130530834 -0.339388465881 -0.028132729530 10.398934364318
IMU 1723530757.2596083 -0.019507675170 0.043809041976 0.000532632732 -0.438152265548 0.030527000427 10.393547058105
IMU 1723530757.361738 -0.009787127494 0.045207209587 -0.000332895469 -0.441743707656 -0.010175668001 10.437841415405
IMU 1723530757.4600747 -0.008588703155 0.046006155014 -0.000665790939 -0.424385213851 0.029928434371 10.410306930541
IMU 1723530757.5618298 -0.007989492416 0.047004847526 -0.000133158183 -0.375302577018 0.025139884948 10.380976676940
IMU 1723530757.6568944 -0.030692961215 0.046805105209 0.003661850452 -0.508783388137 -0.002394274711 10.367210388183
IMU 1723530757.7551842 -0.017576882839 0.048269844055 0.000399474573 -0.486636352539 -0.023942747116 10.459389686584
IMU 1723530757.853414 -0.002663163661 0.047404317855 -0.000998686599 -0.418399524688 0.020949902534 10.415694236755
IMU 1723530757.9517262 -0.008056070327 0.047204580307 -0.000066579093 -0.392661075592 0.040702672004 10.364815711975
IMU 1723530758.0499883 -0.024101634025 0.046605367660 0.001331581830 -0.427378082275 -0.017957061767 10.391751289367
IMU 1723530758.1523757 -0.021904520988 0.047537474632 0.002396847248 -0.472869300842 -0.002394274711 10.419883728027
IMU 1723530758.2505147 -0.010785813331 0.045606679916 -0.000732370090 -0.429173755645 -0.006584256172 10.454002380371
IMU 1723530758.3490098 -0.011584763526 0.046871685981 -0.000798949146 -0.307664299011 -0.046089792251 10.501289367675
IMU 1723530758.4515944 -0.011518183946 0.049934325218 -0.000466053724 -0.469277858734 -0.001197137355 10.365414619445
IMU 1723530758.5496712 -0.013515555858 0.048802480697 -0.000998686599 -0.436955165863 -0.011971373558 10.414496421813
IMU 1723530758.6479764 -0.016844511032 0.042943520545 0.000066579093 -0.422589492797 -0.082003917694 10.537203788757
