IMU 1723530237.41136 -0.014314506053 0.046405630111 0.000599211788 -0.008379962921 0.281327266693 10.382174491882
IMU 1723530237.5097973 -0.014048190116 0.046605367660 0.001065265417 -0.010774235725 0.286714410781 10.383371353149
IMU 1723530237.6079829 -0.016045563220 0.046871685981 -0.000466053724 -0.015562786102 0.302277207374 10.380378723144
IMU 1723530237.706264 -0.013515555858 0.045540099143 0.000266316366 -0.007781393051 0.287911529541 10.393547058105
IMU 1723530237.8046646 -0.014181346893 0.047537474632 -0.000599211788 -0.017957061767 0.302277207374 10.371998786926
IMU 1723530237.902636 -0.013182661533 0.046072735786 -0.000133158183 -0.017358493804 0.283122997283 10.394145965576
IMU 1723530238.00127 -0.014381085395 0.046405630111 0.000133158183 0.001197137355 0.280130147933 10.397138595581
IMU 1723530238.0995224 -0.013848452568 0.047404317855 -0.001065265417 -0.007781393051 0.304072880744 10.366012573242
IMU 1723530238.1977446 -0.015512929916 0.045540099143 0.000798949146 -0.016759924888 0.295692939758 10.370800971984
IMU 1723530238.2961652 -0.012583448886 0.047737212181 -0.000466053724 -0.008379962921 0.307664299011 10.380976676940
IMU 1723530238.3941839 -0.013848452568 0.045273785591 0.000000000000 0.019154197692 0.289707231521 10.404919624328
IMU 1723530238.492646 -0.015512929916 0.047803792953 -0.001131844639 -0.008379962921 0.286115837097 10.398335456848
IMU 1723530238.5907807 -0.013315820693 0.046671943664 -0.000998686599 -0.023942747116 0.288510112762 10.400131225585
IMU 1723530238.6892214 -0.014181346893 0.046006155014 -0.001331581830 -0.010175668001 0.280130147933 10.378582954406
IMU 1723530238.787439 -0.015379772186 0.046871685981 -0.000932107448 -0.027534160614 0.263968801498 10.411503791809
IMU 1723530238.8862267 -0.014647401809 0.046605367660 -0.000665790939 -0.008379962921 0.336994171142 10.382772445678
IMU 1723530238.984351 -0.011984238624 0.047004847526 -0.000532632732 -0.007182824611 0.298685789108 10.373195648193
IMU 1723530239.0866344 -0.014980297088 0.047936954498 -0.000199737281 -0.015562786102 0.273545885086 10.371998786926
IMU 1723530239.1849136 -0.015712666511 0.045273785591 -0.000066579093 -0.007182824611 0.284320144653 10.391751289367
IMU 1723530239.2832847 -0.014514243602 0.046738529205 -0.000532632732 -0.000598568677 0.305868601799 10.414496421813
IMU 1723530239.3815856 -0.012783186435 0.046472210884 -0.000998686599 0.001197137355 0.303474330902 10.394145965576
IMU 1723530239.4800482 -0.015379772186 0.047271161079 -0.000399474573 -0.026337025165 0.272947335243 10.379779815673
IMU 1723530239.5781174 -0.014580821990 0.045540099143 0.000133158183 -0.005387117862 0.309460020065 10.391751289367
IMU 1723530239.6763072 -0.014580821990 0.046605367660 0.001664477586 -0.016161353588 0.290904407501 10.412102699279
IMU 1723530239.774733 -0.014713981151 0.046805105209 -0.000865528297 -0.014365649223 0.290305824279 10.402525901794
IMU 1723530239.87303 -0.014780559539 0.045207209587 -0.000665790939 -0.030527000427 0.293897247314 10.401926994323
IMU 1723530239.971343 -0.016112141609 0.045872998237 0.000665790939 -0.017957061767 0.262771654129 10.397138595581
IMU 1723530240.0657003 -0.013448977470 0.047271161079 0.000865528297 -0.020351336002 0.277735900878 10.388758659362
IMU 1723530240.1679862 -0.014514243602 0.047204580307 -0.000665790939 -0.001197137355 0.282524442672 10.389955520629
IMU 1723530240.2663572 -0.014381085395 0.047071418762 -0.000532632732 -0.019154197692 0.293298673629 10.391152381896
IMU 1723530240.3649151 -0.013981610488 0.046205892562 0.000399474573 -0.023942747116 0.301080036163 10.397138595581
IMU 1723530240.4631188 -0.014580821990 0.045406942367 -0.000998686599 -0.010175668001 0.314847135543 10.367210388183
IMU 1723530240.5612361 -0.016445038318 0.044474835395 -0.000332895469 -0.004788549423 0.293298673629 10.412102699279
IMU 1723530240.6596115 -0.014048190116 0.045340366363 -0.000399474573 -0.010175668001 0.286714410781 10.407314300537
IMU 1723530240.7578197 -0.013049502372 0.046938266754 -0.000599211788 -0.016759924888 0.281327266693 10.407314300537
IMU 1723530240.8561327 -0.014580821990 0.046472210884 -0.001131844639 -0.020351336002 0.282524442672 10.373195648193
IMU 1723530240.9545662 -0.016112141609 0.046006155014 0.000932107448 -0.007182824611 0.310657143592 10.393547058105
IMU 1723530241.0528913 -0.013848452568 0.046538786888 0.000466053724 -0.010774235725 0.283721561431 10.406116485595
IMU 1723530241.1512933 -0.014580821990 0.046738529205 0.001198423624 -0.002394274711 0.308861470222 10.387560844421
IMU 1723530241.2508762 -0.015779244899 0.046205892562 0.000199737281 -0.023942747116 0.300481510162 10.380976676940
IMU 1723530241.3478596 -0.014980297088 0.047004847526 -0.001131844639 -0.024541316032 0.291502952575 10.379779815673
IMU 1723530241.446122 -0.015046876907 0.048336420059 -0.000532632732 -0.004189981460 0.298087215423 10.361224174499
IMU 1723530241.5444145 -0.013915030956 0.047271161079 -0.000466053724 -0.001197137355 0.286115837097 10.415095329284
IMU 1723530241.6427953 -0.013448977470 0.045806417465 -0.000266316366 -0.005985686779 0.316642856597 10.390554428100
IMU 1723530241.7413788 -0.013981610488 0.046671943664 -0.000332895469 -0.011372805833 0.286115837097 10.391751289367
IMU 1723530241.8393793 -0.015446352005 0.045673265457 0.000466053724 -0.029329867362 0.271750187873 10.385167121887
IMU 1723530241.9376097 -0.013249241113 0.046671943664 0.000266316366 -0.001795706176 0.297488670349 10.377984046936
IMU 1723530242.035977 -0.012716608047 0.046805105209 -0.000998686599 -0.011372805833 0.278334426879 10.388758659362
IMU 1723530242.1343768 -0.015646086692 0.046738529205 -0.000266316366 -0.012569942474 0.295094375610 10.398934364318
IMU 1723530242.2326035 -0.015113454818 0.047537474632 -0.000599211788 -0.023942747116 0.289108705520 10.401328086853
IMU 1723530242.3348978 -0.013715293407 0.045207209587 -0.001065265417 -0.013168512582 0.295692939758 10.389356613159
IMU 1723530242.4332914 -0.014713981151 0.045872998237 -0.001464740180 -0.002394274711 0.263370227813 10.401328086853
IMU 1723530242.531643 -0.014580821990 0.046272473335 -0.001198423624 -0.009577098846 0.284320144653 10.388758659362
IMU 1723530242.630029 -0.013382399082 0.046538786888 -0.000798949146 -0.041899805068 0.301080036163 10.371399879455
IMU 1723530242.728319 -0.015046876907 0.045939579010 0.000000000000 0.010175668001 0.295094375610 10.409110069274
IMU 1723530242.8226173 -0.014447664260 0.046405630111 0.000599211788 0.000000000000 0.272348761558 10.406715393066
IMU 1723530242.920894 -0.015978984832 0.046006155014 0.000266316366 -0.007182824611 0.290305824279 10.395940780639
IMU 1723530243.0191798 -0.014381085395 0.046272473335 0.000332895469 -0.026337025165 0.301080036163 10.394145965576
IMU 1723530243.1175652 -0.013448977470 0.046738529205 -0.000399474573 -0.019752767562 0.280728721618 10.393547058105
IMU 1723530243.2158246 -0.015379772186 0.045739836692 -0.000599211788 -0.013767080307 0.294495792388 10.374991416931
IMU 1723530243.315752 -0.015313191413 0.047604055404 -0.000732370090 -0.001197137355 0.310657143592 10.398934364318
IMU 1723530243.4123383 -0.013249241113 0.045872998237 -0.000466053724 -0.003591412305 0.298685789108 10.400730133056
IMU 1723530243.5108151 -0.016045563220 0.046538786888 0.001131844639 -0.007781393051 0.277735900878 10.409708023071
IMU 1723530243.6097739 -0.015712666511 0.047604055404 -0.001664477586 -0.022745611667 0.293298673629 10.392350196838
IMU 1723530243.7073753 -0.014314506053 0.046671943664 -0.001331581830 0.017358493804 0.269355916976 10.397736549377
IMU 1723530243.8057613 -0.013382399082 0.046272473335 -0.001265002965 -0.043695516586 0.284918689727 10.394145965576
IMU 1723530243.9083292 -0.008388966560 0.046938266754 -0.001597898244 -0.019154197692 0.257384538650 10.373195648193
IMU 1723530244.0022645 -0.025100317001 0.047337737083 0.000865528297 0.001197137355 0.251398849487 10.340273857116
IMU 1723530244.1007504 -0.012050817012 0.047071418762 -0.000266316366 -0.026337025165 0.381288261413 10.448615074157
IMU 1723530244.1988833 -0.008921599388 0.046605367660 -0.000266316366 0.003591412305 0.287312984466 10.383970260620
IMU 1723530244.2972279 -0.016445038318 0.047271161079 0.001131844639 0.024541316032 0.206506204605 10.314536094665
IMU 1723530244.395543 -0.022703471183 0.045739836692 -0.000532632732 -0.038906965255 0.326219940185 10.413299560546
IMU 1723530244.4937973 -0.009720548629 0.045340366363 -0.000998686599 -0.014964217185 0.365725493431 10.438439369201
IMU 1723530244.5924015 -0.010918972492 0.046006155014 0.000133158183 0.001197137355 0.271750187873 10.394145965576
IMU 1723530244.6906168 -0.016378456115 0.047404317855 -0.001265002965 -0.014964217185 0.256187415122 10.381575584411
IMU 1723530244.788736 -0.015779244899 0.047004847526 -0.001198423624 0.001795706176 0.284918689727 10.391751289367
IMU 1723530244.8874297 -0.014181346893 0.044674577713 -0.001531319141 -0.023344180583 0.335198450088 10.397138595581
IMU 1723530244.9855106 -0.012516869306 0.046538786888 -0.000865528297 -0.029329867362 0.269954466819 10.389356613159
IMU 1723530245.083883 -0.013715293407 0.046205892562 -0.000266316366 -0.010774235725 0.277735900878 10.382772445678
IMU 1723530245.1821744 -0.015512929916 0.046072735786 -0.000865528297 -0.016161353588 0.277735900878 10.385765075683
IMU 1723530245.2805347 -0.017177405357 0.046272473335 -0.000066579093 0.000000000000 0.299882907867 10.413299560546
IMU 1723530245.3788967 -0.013315820693 0.047138004302 -0.000865528297 -0.008978530883 0.304072880744 10.422278404235
IMU 1723530245.4769187 -0.014114768505 0.046405630111 -0.000332895469 -0.005985686779 0.267560219764 10.383970260620
IMU 1723530245.575369 -0.016112141609 0.046805105209 -0.000399474573 -0.010774235725 0.289707231521 10.371399879455
IMU 1723530245.67778 -0.015113454818 0.046006155014 -0.000665790939 -0.017358493804 0.290305824279 10.410306930541
IMU 1723530245.7719257 -0.013915030956 0.047404317855 0.000066579093 -0.017358493804 0.321431398391 10.392948150634
IMU 1723530245.8743753 -0.014913718700 0.047138004302 -0.000399474573 -0.006584256172 0.292700080871 10.403123855590
IMU 1723530245.9698048 -0.015046876907 0.046805105209 0.000000000000 -0.020351336002 0.278334426879 10.393547058105
IMU 1723530246.0710251 -0.016112141609 0.046006155014 -0.000998686599 -0.012569942474 0.308262872695 10.414496421813
IMU 1723530246.1693132 -0.014447664260 0.045872998237 -0.000332895469 -0.001197137355 0.308262872695 10.386363983154
IMU 1723530246.2676744 -0.016178721427 0.045406942367 0.000066579093 -0.014365649223 0.294495792388 10.373794555664
IMU 1723530246.366118 -0.016245299339 0.046205892562 -0.000998686599 -0.008978530883 0.300481510162 10.399532318115
IMU 1723530246.464278 -0.015113454818 0.046805105209 -0.000798949146 -0.015562786102 0.281327266693 10.419285774230
IMU 1723530246.5625665 -0.016112141609 0.046006155014 0.000665790939 -0.028731298446 0.300481510162 10.448615074157
IMU 1723530246.6609128 -0.017443723678 0.046006155014 -0.000466053724 -0.004189981460 0.325022816658 10.395940780639
IMU 1723530246.7592165 -0.013448977470 0.048070106506 0.000732370090 -0.053272619247 0.351359820365 10.361823081970
IMU 1723530246.857499 -0.017443723678 0.045540099143 -0.000399474573 -0.045491223335 0.295094375610 10.349851608276
IMU 1723530246.9559088 -0.013848452568 0.044208521842 -0.000798949146 -0.066441125869 0.317241406440 10.419883728027
IMU 1723530247.0541213 -0.016378456115 0.046938266754 0.001731056594 -0.020949902534 0.235237503051 10.441431999206
IMU 1723530247.1524596 -0.014980297088 0.047604055404 -0.000732370090 -0.030527000427 0.290904407501 10.439637184143
IMU 1723530247.2507296 -0.012317132949 0.047138004302 0.000332895469 -0.006584256172 0.274144458770 10.384568214416
IMU 1723530247.3492186 -0.015246613025 0.047470898628 -0.000466053724 -0.038308396339 0.320832824707 10.359428405761
IMU 1723530247.447371 -0.014181346893 0.047071418762 0.000199737281 -0.004788549423 0.284320144653 10.358231544494
IMU 1723530247.5457783 -0.019574254989 0.046805105209 -0.000199737281 -0.040702672004 0.318438553810 10.397138595581
IMU 1723530247.6439416 -0.009121336936 0.044807734489 -0.000665790939 0.007182824611 0.323825645446 10.443227767944
IMU 1723530247.7432246 -0.013715293407 0.045007472038 0.000199737281 -0.028731298446 0.262771654129 10.361823081970
IMU 1723530247.8407722 -0.019041622161 0.045939579010 -0.001398161048 -0.023344180583 0.285517263412 10.417490005493
IMU 1723530247.9389372 -0.012050817012 0.047737212181 -0.000998686599 -0.020351336002 0.336395621299 10.413898468017
IMU 1723530248.0372446 -0.010186601877 0.046405630111 -0.000532632732 -0.004788549423 0.280130147933 10.380976676940
IMU 1723530248.1354604 -0.014780559539 0.045939579010 0.000266316366 -0.000598568677 0.227456116676 10.369604110717
IMU 1723530248.2344353 -0.019241359710 0.047803792953 -0.000332895469 -0.011971373558 0.308861470222 10.427665710449
IMU 1723530248.3323505 -0.011318446397 0.044940891265 -0.000732370090 -0.005985686779 0.311854314804 10.420482635498
IMU 1723530248.430568 -0.014580821990 0.046538786888 0.000000000000 -0.029928434371 0.268158793449 10.382772445678
IMU 1723530248.528834 -0.016711353302 0.046738529205 -0.000998686599 -0.007781393051 0.273545885086 10.379180908203
IMU 1723530248.6284788 -0.014580821990 0.044008784294 -0.000732370090 0.008379962921 0.311854314804 10.439637184143
IMU 1723530248.7255492 -0.014847137928 0.047737212181 -0.000599211788 -0.011372805833 0.253793120384 10.380976676940
IMU 1723530248.8237138 -0.016045563220 0.046272473335 -0.000865528297 -0.005387117862 0.293298673629 10.396539688110
IMU 1723530248.922097 -0.014780559539 0.046605367660 -0.000399474573 -0.010175668001 0.286115837097 10.401328086853
IMU 1723530249.020573 -0.015446352005 0.046205892562 -0.001464740180 -0.013168512582 0.281925868988 10.394743919372
IMU 1723530249.118954 -0.017110826969 0.046205892562 0.000665790939 -0.011372805833 0.282524442672 10.406715393066
IMU 1723530249.2171147 -0.013515555858 0.046205892562 -0.000332895469 -0.005985686779 0.336395621299 10.406116485595
IMU 1723530249.3194935 -0.014314506053 0.045939579010 -0.000532632732 -0.012569942474 0.300481510162 10.367210388183
IMU 1723530249.4179366 -0.015845825672 0.046205892562 -0.001597898244 -0.029928434371 0.245413160324 10.381575584411
IMU 1723530249.516126 -0.013182661533 0.045939579010 -0.001531319141 -0.042498378753 0.291502952575 10.390554428100
IMU 1723530249.6143177 -0.018442410469 0.051199321746 -0.000665790939 -0.056265459060 0.308262872695 10.254678726196
IMU 1723530249.712694 -0.017710041999 0.043942203521 -0.001797635650 0.001197137355 0.315445685386 10.427066802978
IMU 1723530249.811201 -0.009920284271 0.047404317855 -0.000266316366 -0.021548471450 0.412413835525 10.415694236755
IMU 1723530249.9093165 -0.012317132949 0.047271161079 -0.001398161048 -0.078412504196 0.338789892196 10.239714622497
IMU 1723530250.007573 -0.014780559539 0.047537474632 0.000532632732 0.088588171005 0.152036437988 10.392350196838
IMU 1723530250.1059148 -0.019840569496 0.046339054107 -0.000932107448 0.205907630920 0.233441805839 10.454601287841
IMU 1723530250.2042875 -0.013648715019 0.046671943664 -0.002063951969 -0.026935591697 0.265165925025 10.451607704162
IMU 1723530250.302587 -0.008788441658 0.046871685981 0.000199737281 -0.025139884948 0.442342281341 10.292987823486
IMU 1723530250.4009273 -0.015446352005 0.048802480697 -0.000599211788 -0.035914123058 0.292700080871 10.367808341979
IMU 1723530250.4994097 -0.013915030956 0.046538786888 -0.000732370090 -0.026337025165 0.235237503051 10.409110069274
IMU 1723530250.597537 -0.015313191413 0.046871685981 -0.000599211788 0.011971373558 0.296291494369 10.407314300537
IMU 1723530250.6958523 -0.014580821990 0.045007472038 -0.001265002965 -0.029928434371 0.305868601799 10.407912254333
IMU 1723530250.7942512 -0.014381085395 0.045340366363 -0.000399474573 -0.004788549423 0.249004578590 10.406116485595
IMU 1723530250.8924692 -0.014780559539 0.046671943664 0.000133158183 -0.049082632064 0.285517263412 10.404320716857
IMU 1723530250.9907658 -0.013515555858 0.045340366363 -0.001930793952 -0.008379962921 0.299284343719 10.414496421813
IMU 1723530251.0891545 -0.014847137928 0.049867744445 -0.000332895469 -0.029928434371 0.272348761558 10.379779815673
IMU 1723530251.187424 -0.014447664260 0.048336420059 -0.000599211788 -0.039505534172 0.283122997283 10.383970260620
IMU 1723530251.285853 -0.013382399082 0.047138004302 0.000066579093 -0.007182824611 0.308262872695 10.389356613159
IMU 1723530251.3840792 -0.015646086692 0.045939579010 -0.000665790939 -0.034716987609 0.278334426879 10.383371353149
IMU 1723530251.4823964 -0.014713981151 0.046738529205 -0.001131844639 0.007182824611 0.271151638031 10.363019943237
IMU 1723530251.5807207 -0.016112141609 0.045074048042 -0.002263689279 0.045491223335 0.312452840805 10.425869941711
IMU 1723530251.6790218 -0.014314506053 0.047271161079 0.000266316366 -0.043096942901 0.309460020065 10.379779815673
IMU 1723530251.7773747 -0.014314506053 0.047071418762 -0.001597898244 -0.035315556526 0.280130147933 10.399532318115
IMU 1723530251.8756616 -0.013515555858 0.047337737083 -0.000532632732 -0.000598568677 0.310657143592 10.364815711975
IMU 1723530251.974009 -0.015313191413 0.046205892562 0.000532632732 -0.016759924888 0.287911529541 10.416292190551
IMU 1723530252.0722792 -0.016112141609 0.044807734489 -0.000199737281 0.000000000000 0.280728721618 10.409708023071
IMU 1723530252.1707351 -0.016112141609 0.050466957092 -0.000266316366 -0.074821085929 0.320832824707 10.378582954406
IMU 1723530252.2690144 -0.012982923984 0.046938266754 -0.000466053724 -0.049082632064 0.314248561859 10.367808341979
IMU 1723530252.367256 -0.015446352005 0.046472210884 0.001664477586 -0.055666885375 0.297488670349 10.385765075683
IMU 1723530252.4669535 -0.014913718700 0.045673265457 -0.000332895469 -0.009577098846 0.309460020065 10.369604110717
IMU 1723530252.5638 -0.012783186435 0.043143253326 0.000399474573 0.241821742057 0.275940179824 10.534809112548
IMU 1723530252.6581037 -0.015646086692 0.038282985687 0.002396847248 0.116720902919 0.353155517578 10.640755653381
IMU 1723530252.7565546 -0.016112141609 0.045273785591 0.001731056594 -0.018555629730 0.411815261840 10.431257247924
IMU 1723530252.8546982 -0.015579508781 0.047004847526 0.000599211788 0.065243988037 0.347768425941 10.461185455322
IMU 1723530252.9489756 -0.011984238624 0.044341678619 0.001131844639 0.025738453865 0.248406004905 10.400131225585
IMU 1723530253.0472806 -0.017643461227 0.048269844055 -0.000665790939 -0.017957061767 0.311255717277 10.373794555664
IMU 1723530253.1497285 -0.015113454818 0.045140628814 -0.000133158183 -0.004189981460 0.282524442672 10.419285774230
IMU 1723530253.2438385 -0.015113454818 0.047670636177 0.001131844639 -0.007182824611 0.342381286621 10.395342826843
IMU 1723530253.342231 -0.015579508781 0.045207209587 -0.000865528297 0.000598568677 0.297488670349 10.429461479187
IMU 1723530253.4407043 -0.013182661533 0.045406942367 -0.000798949146 -0.010774235725 0.301080036163 10.426467895507
IMU 1723530253.5428648 -0.012250553369 0.047071418762 -0.000599211788 -0.005985686779 0.278334426879 10.396539688110
IMU 1723530253.637417 -0.014114768505 0.045540099143 -0.000266316366 0.001197137355 0.269355916976 10.383371353149
IMU 1723530253.7354636 -0.022770049571 0.049601430892 0.000133158183 -0.017358493804 0.263370227813 10.336084365844
IMU 1723530253.8337414 -0.010918972492 0.045473518371 -0.000732370090 -0.026337025165 0.372908306121 10.455199241638
IMU 1723530253.9320593 -0.012650029659 0.046405630111 0.001065265417 -0.019154197692 0.268158793449 10.355836868286
IMU 1723530254.030494 -0.018775305747 0.047737212181 -0.001331581830 0.017358493804 0.278334426879 10.419883728027
IMU 1723530254.1286936 -0.012450290918 0.046671943664 -0.000798949146 -0.028731298446 0.322029948234 10.396539688110
IMU 1723530254.2273438 -0.014847137928 0.045739836692 -0.001198423624 -0.034716987609 0.288510112762 10.371399879455
IMU 1723530254.3255186 -0.016911090850 0.046072735786 0.000133158183 -0.010175668001 0.284918689727 10.408511161804
IMU 1723530254.4236295 -0.015113454818 0.047470898628 -0.000133158183 -0.002394274711 0.306467175483 10.397736549377
IMU 1723530254.5220482 -0.012982923984 0.046205892562 -0.000798949146 0.003591412305 0.269355916976 10.385167121887
IMU 1723530254.6202455 -0.016245299339 0.046272473335 -0.000066579093 -0.005985686779 0.263370227813 10.415694236755
IMU 1723530254.724453 -0.015712666511 0.044341678619 -0.000266316366 -0.024541316032 0.268757343292 10.387560844421
IMU 1723530254.81691 -0.014713981151 0.045939579010 0.000998686599 -0.022147042751 0.296291494369 10.409708023071
IMU 1723530254.919217 -0.012383711338 0.045540099143 -0.000199737281 -0.003591412305 0.278933024406 10.383970260620
IMU 1723530255.0178275 -0.015446352005 0.047737212181 -0.000133158183 -0.035914123058 0.283122997283 10.375590324401
IMU 1723530255.1160295 -0.016045563220 0.045806417465 -0.000332895469 -0.004788549423 0.301678633689 10.405518531799
IMU 1723530255.2142656 -0.014847137928 0.045273785591 -0.000532632732 -0.015562786102 0.296890068054 10.382772445678
IMU 1723530255.3126166 -0.015246613025 0.046871685981 -0.000865528297 0.006584256172 0.284918689727 10.407912254333
IMU 1723530255.4108562 -0.016711353302 0.047004847526 0.000066579093 -0.016161353588 0.283122997283 10.404919624328
IMU 1723530255.5092714 -0.020106887817 0.043942203521 0.003728429794 -0.626102876663 -1.347976684570 12.969187736511
IMU 1723530255.6074097 -0.030093753337 0.022370576858 -0.002862901210 0.481847810745 -0.314248561859 11.875602722167
IMU 1723530255.7058494 -0.002463426589 0.040679826736 -0.002530005931 0.143656492233 0.332205629348 10.506077766418
IMU 1723530255.8000388 -0.029894013404 0.048003525733 0.000266316366 0.008379962921 0.307664299011 10.369604110717
IMU 1723530255.8983026 -0.008921599388 0.045540099143 0.000532632732 0.016161353588 0.360338354110 10.437841415405
IMU 1723530255.9966815 -0.017443723678 0.046871685981 -0.000466053724 -0.028731298446 0.281327266693 10.363019943237
IMU 1723530256.0950592 -0.013648715019 0.044807734489 0.000066579093 -0.039505534172 0.278334426879 10.404919624328
IMU 1723530256.1934578 -0.015046876907 0.046605367660 -0.000199737281 -0.026337025165 0.304671478271 10.372596740722
IMU 1723530256.2917564 -0.015379772186 0.045606679916 -0.001131844639 -0.009577098846 0.327417087554 10.410306930541
IMU 1723530256.3898456 -0.012916344451 0.045007472038 -0.000466053724 0.010175668001 0.280130147933 10.392948150634
IMU 1723530256.4883513 -0.016311881542 0.046472210884 -0.000199737281 -0.016161353588 0.274743032455 10.415694236755
IMU 1723530256.586478 -0.013249241113 0.045872998237 -0.000199737281 -0.006584256172 0.308861470222 10.407314300537
IMU 1723530256.6848855 -0.013249241113 0.046938266754 -0.002729743003 0.014964217185 0.298685789108 10.382772445678
IMU 1723530256.783335 -0.018442410469 0.045939579010 -0.001131844639 -0.011372805833 0.249004578590 10.413898468017
IMU 1723530256.885582 -0.012183974981 0.047004847526 -0.003928166580 -0.043096942901 0.356746935844 10.517450332641
IMU 1723530256.9838598 -0.018841884613 0.046538786888 -0.003328955173 -0.030527000427 0.342979884147 10.379180908203
IMU 1723530257.082393 -0.012450290918 0.047670636177 -0.000332895469 -0.018555629730 0.339388465881 10.395940780639
IMU 1723530257.1806436 -0.016112141609 0.046738529205 -0.001131844639 0.017358493804 0.260377383232 10.414496421813
IMU 1723530257.2788293 -0.015180033683 0.045872998237 0.000266316366 -0.030527000427 0.298685789108 10.409110069274
IMU 1723530257.3773696 -0.015046876907 0.047204580307 -0.000798949146 -0.008978530883 0.322628521919 10.376787185668
IMU 1723530257.4755092 -0.015712666511 0.046738529205 -0.000865528297 -0.018555629730 0.308262872695 10.394743919372
IMU 1723530257.5738065 -0.012716608047 0.046605367660 -0.000932107448 -0.013767080307 0.314847135543 10.399532318115
IMU 1723530257.6720183 -0.017177405357 0.046871685981 0.000000000000 0.000000000000 0.286115837097 10.382174491882
IMU 1723530257.7663856 -0.014247927665 0.046605367660 -0.002197110414 0.005985686779 0.304671478271 10.403722763061
IMU 1723530257.86464 -0.014780559539 0.046871685981 -0.000332895469 0.000000000000 0.292700080871 10.399532318115
IMU 1723530257.9638646 -0.014780559539 0.047204580307 0.000199737281 -0.027534160614 0.295692939758 10.406715393066
IMU 1723530258.0613387 -0.013049502372 0.046738529205 -0.000199737281 -0.033519849777 0.334599924087 10.419285774230
IMU 1723530258.1596668 -0.013648715019 0.046605367660 -0.000732370090 0.016161353588 0.306467175483 10.419883728027
IMU 1723530258.2580667 -0.014247927665 0.046205892562 0.001065265417 -0.016161353588 0.299284343719 10.407314300537
IMU 1723530258.3561914 -0.014847137928 0.047004847526 0.001131844639 -0.028731298446 0.301080036163 10.410905838012
IMU 1723530258.4544575 -0.013981610488 0.046805105209 -0.001131844639 -0.010774235725 0.350761270523 10.402525901794
IMU 1723530258.5529723 -0.014247927665 0.045074048042 -0.000332895469 -0.001795706176 0.317839980125 10.431257247924
IMU 1723530258.6511676 -0.012849765968 0.045207209587 0.000998686599 -0.013168512582 0.319635677337 10.397736549377
IMU 1723530258.749492 -0.015446352005 0.044408259391 0.000199737281 0.004189981460 0.305270051956 10.415095329284
IMU 1723530258.843786 -0.012783186435 0.047470898628 0.001198423624 -0.023344180583 0.318438553810 10.384568214416
IMU 1723530258.9461596 -0.015113454818 0.046738529205 -0.000199737281 -0.001197137355 0.314248561859 10.391152381896
IMU 1723530259.0402834 -0.016311881542 0.046139316558 0.000066579093 -0.001197137355 0.281327266693 10.395940780639
IMU 1723530259.1386514 -0.013515555858 0.045739836692 0.000199737281 -0.005985686779 0.295692939758 10.378582954406
IMU 1723530259.237103 -0.015446352005 0.046339054107 0.000932107448 0.005387117862 0.300481510162 10.385765075683
IMU 1723530259.3352034 -0.015180033683 0.046272473335 -0.000133158183 0.003591412305 0.287312984466 10.369005203247
IMU 1723530259.4335895 -0.014913718700 0.047004847526 0.000399474573 -0.001197137355 0.306467175483 10.403123855590
IMU 1723530259.5318546 -0.014247927665 0.046738529205 0.000266316366 -0.030527000427 0.315445685386 10.388758659362
IMU 1723530259.6301522 -0.015579508781 0.046871685981 -0.000399474573 -0.015562786102 0.331607079505 10.427665710449
IMU 1723530259.7285752 -0.015246613025 0.047737212181 -0.000932107448 -0.013767080307 0.330409908294 10.422278404235
IMU 1723530259.8270264 -0.012849765968 0.046671943664 -0.001065265417 -0.023344180583 0.314847135543 10.409708023071
IMU 1723530259.925128 -0.015646086692 0.047204580307 -0.000798949146 -0.023344180583 0.312452840805 10.385765075683
IMU 1723530260.0236318 -0.015113454818 0.046072735786 0.000332895469 -0.003591412305 0.311255717277 10.391751289367
IMU 1723530260.1217723 -0.013915030956 0.047004847526 0.000665790939 -0.019752767562 0.307664299011 10.379779815673
IMU 1723530260.2200205 -0.016777932643 0.046605367660 -0.000266316366 -0.008978530883 0.283122997283 10.403722763061
IMU 1723530260.3191302 -0.012317132949 0.046538786888 0.000665790939 -0.023942747116 0.342381286621 10.409708023071
IMU 1723530260.416867 -0.012650029659 0.046738529205 -0.000399474573 -0.002992843437 0.308262872695 10.392350196838
IMU 1723530260.5150251 -0.015512929916 0.047138004302 0.000266316366 0.007781393051 0.275341606140 10.380378723144
IMU 1723530260.6149478 -0.014980297088 0.045406942367 -0.002197110414 -0.005985686779 0.340585589408 10.406116485595
IMU 1723530260.7117054 -0.013515555858 0.046405630111 0.000199737281 -0.017957061767 0.328614211082 10.395342826843
IMU 1723530260.8099866 -0.014514243602 0.045806417465 -0.001265002965 -0.012569942474 0.254391694068 10.392350196838
IMU 1723530260.9043434 -0.016511616706 0.045007472038 0.001531319141 0.002992843437 0.274743032455 10.406715393066
IMU 1723530261.0028064 -0.013049502372 0.046805105209 -0.000066579093 -0.021548471450 0.321431398391 10.381575584411
IMU 1723530261.100899 -0.016178721427 0.045939579010 0.001265002965 -0.002992843437 0.362732625007 10.391751289367
IMU 1723530261.1991742 -0.013249241113 0.046938266754 -0.000466053724 -0.040104103088 0.328614211082 10.384568214416
IMU 1723530261.29753 -0.015446352005 0.046605367660 0.000199737281 0.010774235725 0.286714410781 10.412102699279
IMU 1723530261.3958552 -0.015646086692 0.045939579010 -0.000199737281 -0.026337025165 0.329811358451 10.385167121887
IMU 1723530261.4941921 -0.015912404060 0.045406942367 -0.001398161048 0.003591412305 0.226857542991 10.439038276672
IMU 1723530261.592412 -0.013182661533 0.045406942367 -0.001131844639 -0.028132729530 0.329212784767 10.418087959289
IMU 1723530261.6907158 -0.016844511032 0.047337737083 0.000066579093 -0.005985686779 0.299284343719 10.391152381896
IMU 1723530261.7893128 -0.016245299339 0.045872998237 0.000199737281 -0.004788549423 0.330409908294 10.417490005493
IMU 1723530261.8877933 -0.012849765968 0.047337737083 -0.000665790939 -0.011372805833 0.302875757217 10.367808341979
IMU 1723530261.9856696 -0.015113454818 0.045806417465 -0.000865528297 -0.002394274711 0.316642856597 10.397736549377
IMU 1723530262.0839267 -0.017044247627 0.046405630111 0.000066579093 -0.002992843437 0.355549812316 10.406715393066
IMU 1723530262.182215 -0.013382399082 0.046339054107 0.000798949146 -0.021548471450 0.296890068054 10.377984046936
IMU 1723530262.2805836 -0.016911090850 0.046139316558 0.000332895469 0.024541316032 0.301678633689 10.407912254333
IMU 1723530262.3788154 -0.014048190116 0.047004847526 -0.000932107448 -0.026337025165 0.326219940185 10.389955520629
IMU 1723530262.4772475 -0.014314506053 0.047404317855 -0.002130530834 -0.005985686779 0.301080036163 10.394743919372
IMU 1723530262.5755718 -0.014713981151 0.047670636177 0.000732370090 -0.004788549423 0.271750187873 10.394145965576
IMU 1723530262.6737041 -0.015180033683 0.046072735786 -0.001398161048 -0.001795706176 0.302277207374 10.404919624328
IMU 1723530262.7720678 -0.012317132949 0.047470898628 -0.000865528297 -0.020949902534 0.329811358451 10.389955520629
IMU 1723530262.8703897 -0.013781871795 0.046871685981 -0.000665790939 -0.001197137355 0.304072880744 10.412701606750
IMU 1723530262.968758 -0.015779244899 0.046738529205 0.000532632732 -0.017358493804 0.312452840805 10.403123855590
IMU 1723530263.0670815 -0.013915030956 0.046938266754 -0.000732370090 -0.028731298446 0.304072880744 10.386363983154
IMU 1723530263.1655433 -0.013981610488 0.047470898628 -0.001664477586 0.013168512582 0.317241406440 10.421081542968
IMU 1723530263.263793 -0.013715293407 0.046671943664 -0.000066579093 -0.028132729530 0.316642856597 10.371399879455
IMU 1723530263.3622923 -0.005992119312 0.038083243370 -0.000732370090 -0.313650012016 0.297488670349 10.187639236450
IMU 1723530263.4604855 -0.019241359710 0.048136687278 -0.000332895469 0.135276532173 0.201119089126 10.502486228942
IMU 1723530263.5586476 -0.013582135438 0.047138004302 -0.001198423624 -0.011971373558 0.345972728729 10.392350196838
IMU 1723530263.6569448 -0.014514243602 0.049468274116 -0.000532632732 -0.020949902534 0.339987015724 10.352844238281
IMU 1723530263.755238 -0.014780559539 0.041811676025 0.002396847248 0.116720902919 0.222667551040 10.398934364318
IMU 1723530263.8494985 0.002729743003 0.048403000831 0.002197110414 -0.072426805496 0.205907630920 10.363618850708
IMU 1723530263.947998 -0.009920284271 0.045739836692 0.001331581830 -0.052674050331 0.134079396724 10.403123855590
IMU 1723530264.0477736 -0.022836632728 0.040413513183 -0.000066579093 0.039505534172 0.256785964965 10.490514755249
IMU 1723530264.1447532 -0.008588703155 0.047670636177 -0.001864214897 -0.027534160614 0.341184163093 10.437242507934
IMU 1723530264.2427876 -0.013981610488 0.046405630111 0.000865528297 -0.023344180583 0.240624618530 10.374991416931
IMU 1723530264.3412488 -0.017243987083 0.047404317855 -0.000266316366 -0.037111258506 0.356746935844 10.386363983154
IMU 1723530264.4393725 -0.013382399082 0.046805105209 -0.000266316366 0.034118416309 0.304671478271 10.401926994323
IMU 1723530264.5379033 -0.013781871795 0.044408259391 -0.001198423624 0.013168512582 0.237631773948 10.395342826843
IMU 1723530264.637395 -0.014181346893 0.046006155014 0.000466053724 0.030527000427 0.292101526260 10.425869941711
IMU 1723530264.7342627 -0.014780559539 0.047071418762 -0.000998686599 -0.020351336002 0.285517263412 10.371998786926
IMU 1723530264.832576 -0.014447664260 0.047204580307 -0.000732370090 0.002394274711 0.243018889427 10.383970260620
IMU 1723530264.9309928 -0.014913718700 0.047604055404 -0.001065265417 -0.043096942901 0.329811358451 10.348055839538
IMU 1723530265.0293143 -0.013715293407 0.046139316558 -0.000266316366 -0.035315556526 0.341782712936 10.400730133056
IMU 1723530265.1275709 -0.015446352005 0.046472210884 -0.000266316366 -0.032921278476 0.318438553810 10.387560844421
IMU 1723530265.225836 -0.017843198776 0.046805105209 -0.000532632732 0.001795706176 0.317839980125 10.443826675415
IMU 1723530265.3242087 -0.015313191413 0.047404317855 0.000399474573 -0.019154197692 0.293897247314 10.389356613159
IMU 1723530265.4224963 -0.017576882839 0.046072735786 0.000133158183 -0.016161353588 0.287312984466 10.381575584411
IMU 1723530265.5208375 -0.012650029659 0.047670636177 -0.000599211788 -0.030527000427 0.289707231521 10.370203018188
IMU 1723530265.6191134 -0.013582135438 0.047004847526 -0.001398161048 -0.020351336002 0.288510112762 10.384568214416
IMU 1723530265.717448 -0.014048190116 0.047604055404 -0.000466053724 -0.026935591697 0.266363096237 10.400131225585
IMU 1723530265.8158705 -0.016511616706 0.045606679916 -0.000665790939 -0.005387117862 0.305270051956 10.435446739196
IMU 1723530265.9142797 -0.012849765968 0.045806417465 -0.001664477586 -0.034118416309 0.317839980125 10.380378723144
IMU 1723530266.0124354 -0.015845825672 0.045007472038 0.001065265417 -0.028731298446 0.277137303352 10.470762252807
IMU 1723530266.1108987 -0.014847137928 0.047138004302 0.000665790939 -0.044294085502 0.359739780426 10.390554428100
IMU 1723530266.2091615 -0.015313191413 0.046339054107 -0.000532632732 -0.008978530883 0.313051438331 10.415694236755
IMU 1723530266.307388 -0.016511616706 0.046671943664 -0.001065265417 -0.018555629730 0.293897247314 10.374392509460
IMU 1723530266.4057844 -0.013582135438 0.046472210884 -0.000998686599 -0.023344180583 0.282524442672 10.406715393066
IMU 1723530266.5079854 -0.016178721427 0.045806417465 -0.000199737281 -0.026337025165 0.296291494369 10.394743919372
IMU 1723530266.6064198 -0.015845825672 0.047470898628 -0.000665790939 -0.022147042751 0.312452840805 10.409110069274
IMU 1723530266.7047696 -0.015379772186 0.046205892562 -0.000798949146 -0.025738453865 0.343578433990 10.412102699279
IMU 1723530266.7991726 -0.014713981151 0.048336420059 0.000532632732 0.013767080307 0.335797047615 10.419285774230
IMU 1723530266.9013288 -0.013182661533 0.046205892562 -0.000599211788 -0.005985686779 0.347768425941 10.406116485595
IMU 1723530266.9997256 -0.014847137928 0.047204580307 -0.000998686599 -0.034716987609 0.298087215423 10.405518531799
IMU 1723530267.0979505 -0.015313191413 0.046339054107 -0.000932107448 -0.038906965255 0.257983112335 10.398934364318
IMU 1723530267.1963015 -0.014048190116 0.045406942367 -0.000199737281 -0.004189981460 0.311854314804 10.403123855590
IMU 1723530267.2946157 -0.012250553369 0.045473518371 -0.000865528297 -0.015562786102 0.244216012954 10.426467895507
IMU 1723530267.39302 -0.015978984832 0.047071418762 -0.001597898244 -0.010175668001 0.224463272094 10.352245330810
IMU 1723530267.491284 -0.015046876907 0.046472210884 -0.000066579093 -0.018555629730 0.306467175483 10.436643600463
IMU 1723530267.5895374 -0.013315820693 0.049201955795 -0.002729743003 -0.038308396339 0.325621366500 10.406715393066
IMU 1723530267.6919384 -0.017443723678 0.047470898628 -0.000399474573 -0.004788549423 0.296291494369 10.399532318115
IMU 1723530267.786123 -0.012583448886 0.045606679916 -0.001864214897 0.002992843437 0.319635677337 10.387560844421
IMU 1723530267.8885586 -0.014048190116 0.045606679916 -0.000199737281 -0.005985686779 0.301080036163 10.422278404235
IMU 1723530267.9868927 -0.013582135438 0.047204580307 -0.000399474573 -0.023344180583 0.295692939758 10.419883728027
IMU 1723530268.0851078 -0.015046876907 0.046605367660 -0.000466053724 -0.009577098846 0.315445685386 10.405518531799
IMU 1723530268.1836436 -0.013981610488 0.046205892562 -0.000532632732 -0.020351336002 0.316044282913 10.379779815673
IMU 1723530268.281899 -0.014580821990 0.045939579010 0.000066579093 -0.022745611667 0.322029948234 10.369005203247
IMU 1723530268.3801317 -0.013915030956 0.046538786888 0.000332895469 -0.031724140644 0.306467175483 10.413299560546
IMU 1723530268.4785194 -0.014780559539 0.045939579010 -0.000266316366 -0.005985686779 0.311854314804 10.399532318115
IMU 1723530268.576912 -0.014780559539 0.048469581604 -0.000399474573 -0.038906965255 0.326219940185 10.381575584411
IMU 1723530268.675167 -0.015845825672 0.047337737083 -0.000066579093 -0.024541316032 0.346571254730 10.386962890625
IMU 1723530268.7733953 -0.013448977470 0.047071418762 0.000865528297 -0.043096942901 0.309460020065 10.371399879455
IMU 1723530268.8717508 -0.015712666511 0.046938266754 0.000066579093 -0.011372805833 0.286714410781 10.406116485595
IMU 1723530268.970166 -0.013382399082 0.047271161079 0.000332895469 -0.031125571727 0.295094375610 10.407314300537
IMU 1723530269.0684845 -0.016178721427 0.047071418762 0.000000000000 -0.023344180583 0.316044282913 10.398934364318
IMU 1723530269.166665 -0.015912404060 0.047470898628 -0.001265002965 -0.046089792251 0.320832824707 10.372596740722
IMU 1723530269.265089 -0.015313191413 0.044008784294 -0.000133158183 -0.002992843437 0.295692939758 10.408511161804
IMU 1723530269.3632455 -0.012849765968 0.045473518371 -0.001331581830 -0.019752767562 0.344775557518 10.420482635498
IMU 1723530269.461728 -0.015512929916 0.046805105209 0.000732370090 -0.029329867362 0.295094375610 10.388159751892
IMU 1723530269.5563316 -0.016977668762 0.046738529205 0.001265002965 0.011372805833 0.260377383232 10.376787185668
IMU 1723530269.655429 -0.018442410469 0.046006155014 0.000865528297 -0.008978530883 0.321431398391 10.420482635498
IMU 1723530269.7526035 -0.011917658996 0.044674577713 -0.000798949146 -0.020949902534 0.307065749168 10.399532318115
IMU 1723530269.8507516 -0.014913718700 0.046072735786 0.001131844639 -0.058659734725 0.295094375610 10.382174491882
IMU 1723530269.9490464 -0.014847137928 0.046472210884 -0.000532632732 -0.031724140644 0.344775557518 10.377385139465
IMU 1723530270.047396 -0.010652654170 0.045739836692 -0.003129217386 0.040104103088 0.303474330902 10.407912254333
IMU 1723530270.145723 -0.012849765968 0.050999588966 0.000466053724 0.140663633346 0.354352688789 10.399532318115
IMU 1723530270.2401125 -0.013515555858 0.045007472038 0.000000000000 0.033519849777 0.257983112335 10.425869941711
IMU 1723530270.3382564 -0.014114768505 0.048203268051 0.000332895469 -0.038906965255 0.351359820365 10.354041099548
IMU 1723530270.4366188 -0.018841884613 0.047004847526 -0.000399474573 -0.002394274711 0.283122997283 10.383970260620
IMU 1723530270.5389137 -0.013981610488 0.048003525733 -0.000199737281 -0.024541316032 0.332804203033 10.377984046936
IMU 1723530270.6332004 -0.023502423763 0.049534845352 -0.002729743003 0.213689041137 0.231047534942 10.462382316589
IMU 1723530270.731788 -0.009853706359 0.049668006896 0.000066579093 -0.114326620101 0.289108705520 10.359428405761
IMU 1723530270.8299723 -0.021505048274 0.046006155014 0.000266316366 0.028731298446 0.309460020065 10.394743919372
IMU 1723530270.9280934 -0.009387653350 0.046738529205 0.000599211788 -0.041899805068 0.393259639739 10.436045646667
IMU 1723530271.026496 -0.014980297088 0.046006155014 -0.000332895469 -0.023344180583 0.263968801498 10.370800971984
IMU 1723530271.124794 -0.014514243602 0.047071418762 -0.000732370090 0.009577098846 0.288510112762 10.420482635498
IMU 1723530271.223244 -0.014247927665 0.045673265457 -0.000932107448 -0.033519849777 0.303474330902 10.395342826843
IMU 1723530271.321474 -0.017044247627 0.046605367660 -0.000399474573 -0.012569942474 0.304072880744 10.413299560546
IMU 1723530271.4197202 -0.015379772186 0.046072735786 0.001731056594 -0.036512689590 0.302277207374 10.392350196838
IMU 1723530271.5180783 -0.014713981151 0.046072735786 -0.001065265417 0.013767080307 0.301678633689 10.392948150634
IMU 1723530271.6163878 -0.013915030956 0.046139316558 -0.001065265417 -0.013767080307 0.306467175483 10.391751289367
IMU 1723530271.714874 -0.014647401809 0.047071418762 -0.001265002965 -0.015562786102 0.311854314804 10.399532318115
IMU 1723530271.8131142 -0.014713981151 0.046405630111 -0.001065265417 -0.037111258506 0.296890068054 10.388159751892
IMU 1723530271.9113014 -0.014247927665 0.045872998237 -0.000865528297 -0.011372805833 0.281925868988 10.413299560546
IMU 1723530272.0095787 -0.012250553369 0.045140628814 -0.000332895469 -0.004189981460 0.305868601799 10.394145965576
IMU 1723530272.107913 -0.014713981151 0.045273785591 -0.001265002965 0.005387117862 0.302875757217 10.436643600463
IMU 1723530272.20624 -0.012849765968 0.048403000831 -0.000066579093 -0.022745611667 0.354352688789 10.385765075683
IMU 1723530272.3046486 -0.013648715019 0.055793280601 0.000599211788 -0.318438553810 0.382485389709 10.238517761230
