1723530545.45484591 0 0 0 0.00910803149 0.714510265 -0.672466164 0.192824747 0 0 0 -0.000259684806 0.000815187816 -5.36744636e-06 0.0299205275 -0.00709211103 0.614970031 
1723530545.46544194 0.000103141432 -0.000144831682 -0.00105178885 0.00910602344 0.7145077 -0.672468763 0.192825284 0.0194679262 -0.0273369532 -0.19852495 -0.000259684806 0.000815187816 -5.36744636e-06 0.0299205275 -0.00709211103 0.614970031 
1723530545.56385708 0.0110282136 -0.0182722889 -0.113820098 0.00903912693 0.714492398 -0.67245742 0.192924663 0.202552234 -0.341050632 -2.09316133 -0.000259684806 0.000815187816 -5.36744636e-06 0.0299205275 -0.00709211103 0.614970031 
1723530545.65755057 0.0391497369 -0.0635274737 -0.392849493 0.00909436155 0.714401058 -0.672580828 0.192830107 0.397735404 -0.624975555 -3.86305572 -0.000259684806 0.000815187816 -5.36744636e-06 0.0299205275 -0.00709211103 0.614970031 
1723530545.75595546 0.0896390081 -0.13793747 -0.862654127 0.00908217745 0.714342946 -0.672655498 0.192785505 0.628418358 -0.887347684 -5.68534498 -0.000259684806 0.000815187816 -5.36744636e-06 0.0299205275 -0.00709211103 0.614970031 
1723530545.85439587 0.162826069 -0.238445932 -1.51219374 0.00910347709 0.714323247 -0.672678648 0.192776718 0.858512921 -1.15466866 -7.51126049 -0.000259684806 0.000815187816 -5.36744636e-06 0.0299205275 -0.00709211103 0.614970031 
1723530545.95254564 0.258307367 -0.365575599 -2.33969806 0.00909594017 0.714320612 -0.672681025 0.192778542 1.08711144 -1.43585518 -9.35081181 -0.000259684806 0.000815187816 -5.36744636e-06 0.0299205275 -0.00709211103 0.614970031 
1723530546.05117989 0.3773415 -0.521704808 -3.35260664 0.00910142283 0.71431886 -0.672683418 0.192776425 1.32653576 -1.72996641 -11.1878683 -0.000259684806 0.000815187816 -5.36744636e-06 0.0299205275 -0.00709211103 0.614970031 
1723530546.14917254 0.518679105 -0.705406945 -4.53843464 0.00908989813 0.714322627 -0.67267885 0.192778949 1.55812126 -2.01933766 -13.0145161 -0.000259684806 0.000815187816 -5.36744636e-06 0.0299205275 -0.00709211103 0.614970031 
1723530546.18539405 0.0807931594 -1.63075293 -2.58108819 0.0141636906 0.715903266 -0.669236358 0.19850592 0.668940192 -3.94054157 -9.00571315 -0.000692873137 -0.00148911851 0.0019928517 0.0283235592 -0.00712598927 0.616853005 
1723530546.24760604 0.126927007 -1.88201955 -3.17746227 0.014205933 0.715933256 -0.669184793 0.198568572 0.814177376 -4.13721359 -10.1666067 -0.000692873137 -0.00148911851 0.0019928517 0.0283235592 -0.00712598927 0.616853005 
1723530546.34587407 0.218122843 -2.3039186 -4.26660498 0.0142880255 0.715976221 -0.669109168 0.19866259 1.04188575 -4.44948641 -12.000169 -0.000692873137 -0.00148911851 0.0019928517 0.0283235592 -0.00712598927 0.616853005 
1723530546.44419765 0.331885371 -2.75643996 -5.53666011 0.014369361 0.716029675 -0.669023768 0.198751664 1.27215782 -4.75525051 -13.8340222 -0.000692873137 -0.00148911851 0.0019928517 0.0283235592 -0.00712598927 0.616853005 
1723530546.54229307 0.467950804 -3.23803968 -6.98315333 0.01444547 0.716071487 -0.668949296 0.198846156 1.50198672 -5.063755 -15.6575334 -0.000692873137 -0.00148911851 0.0019928517 0.0283235592 -0.00712598927 0.616853005 
1723530546.64071989 0.626937405 -3.75157135 -8.6146054 0.0145280072 0.716154034 -0.668830139 0.198943663 1.72856777 -5.37103649 -17.4930263 -0.000692873137 -0.00148911851 0.0019928517 0.0283235592 -0.00712598927 0.616853005 
1723530546.73891735 0.807884203 -4.29465207 -10.4218559 0.01462112 0.716235851 -0.668713055 0.199035871 1.9567984 -5.68995668 -19.3154718 -0.000692873137 -0.00148911851 0.0019928517 0.0283235592 -0.00712598927 0.616853005 
1723530546.83741736 1.01188171 -4.87032528 -12.4148454 0.0147096907 0.716295481 -0.668620775 0.199124754 2.18528247 -5.99883798 -21.1513134 -0.000692873137 -0.00148911851 0.0019928517 0.0283235592 -0.00712598927 0.616853005 
1723530546.93557572 1.23775884 -5.47459407 -14.5802332 0.0147935049 0.716335639 -0.668549226 0.199214296 2.41701798 -6.3132828 -22.9689813 -0.000692873137 -0.00148911851 0.0019928517 0.0283235592 -0.00712598927 0.616853005 
1723530547.03391314 1.4866455 -6.11071063 -16.9290025 0.0148727244 0.716375404 -0.668474503 0.199316136 2.64487358 -6.62414447 -24.800615 -0.000692873137 -0.00148911851 0.0019928517 0.0283235592 -0.00712598927 0.616853005 
1723530547.13227129 1.7579991 -6.77760831 -19.4580488 0.0149453327 0.716407345 -0.668407811 0.199419538 2.8727898 -6.93645321 -26.6246353 -0.000692873137 -0.00148911851 0.0019928517 0.0283235592 -0.00712598927 0.616853005 
1723530547.22642183 2.03878964 -7.44509918 -22.0469932 0.0150115224 0.71642521 -0.66835293 0.199534291 3.0919244 -7.24277195 -28.3712112 -0.000692873137 -0.00148911851 0.0019928517 0.0283235592 -0.00712598927 0.616853005 
1723530547.32475901 2.35361087 -8.17200508 -24.9274878 0.0150787168 0.716446997 -0.668293529 0.199649924 3.31096922 -7.54117734 -30.2128304 -0.000692873137 -0.00148911851 0.0019928517 0.0283235592 -0.00712598927 0.616853005 
1723530547.4232018 2.69052317 -8.92949935 -27.99226 0.0151678642 0.716499265 -0.66820989 0.199735528 3.53386507 -7.84835505 -32.0522097 -0.000692873137 -0.00148911851 0.0019928517 0.0283235592 -0.00712598927 0.616853005 
1723530547.52127862 3.04797396 -9.71461885 -31.2255391 0.0152470023 0.716542798 -0.668132692 0.199831563 3.75533511 -8.16194162 -33.8813943 -0.000692873137 -0.00148911851 0.0019928517 0.0283235592 -0.00712598927 0.616853005 
1723530547.56483603 0.128881871 -0.596411695 -3.00829393 0.0043621826 0.716118446 -0.665251138 0.211178281 1.64254181 -1.01907181 -11.74829 -0.00630345489 -0.00166894525 0.00172480443 0.0287670442 -0.000909995089 0.655536 
1723530547.61992073 0.223333683 -0.657264901 -3.68332542 0.00430051786 0.716148189 -0.66516933 0.211336317 1.78678805 -1.19036931 -12.7605637 -0.00630345489 -0.00166894525 0.00172480443 0.0287670442 -0.000909995089 0.655536 
1723530547.71815562 0.411233576 -0.789322191 -5.02640761 0.00420833452 0.716236383 -0.664979941 0.211635093 2.03873442 -1.49823323 -14.5837364 -0.00630345489 -0.00166894525 0.00172480443 0.0287670442 -0.000909995089 0.655536 
1723530547.81639171 0.624064603 -0.95232191 -6.54852246 0.0041006711 0.716237332 -0.664898479 0.211889789 2.29431751 -1.82029724 -16.4051792 -0.00630345489 -0.00166894525 0.00172480443 0.0287670442 -0.000909995089 0.655536 
1723530547.91487622 0.862695226 -1.14685933 -8.25382106 0.00398335487 0.716266752 -0.664773287 0.212185178 2.5517361 -2.13032212 -18.225617 -0.00630345489 -0.00166894525 0.00172480443 0.0287670442 -0.000909995089 0.655536 
1723530548.01291156 1.12544641 -1.37111506 -10.129283 0.00386146799 0.716266966 -0.66469009 0.212447186 2.80860017 -2.44467594 -20.0353203 -0.00630345489 -0.00166894525 0.00172480443 0.0287670442 -0.000909995089 0.655536 
1723530548.11120892 1.41423922 -1.62657325 -12.1874153 0.00377553427 0.716300066 -0.664563708 0.212732317 3.0673016 -2.75298535 -21.8403192 -0.00630345489 -0.00166894525 0.00172480443 0.0287670442 -0.000909995089 0.655536 
1723530548.20997167 1.73032942 -1.91403911 -14.4338248 0.00368625278 0.716367211 -0.664403912 0.213006743 3.33369872 -3.06835638 -23.6507079 -0.00630345489 -0.00166894525 0.00172480443 0.0287670442 -0.000909995089 0.655536 
1723530548.30813265 2.07040189 -2.23032402 -16.8441925 0.00357402898 0.716422686 -0.66425647 0.213281749 3.59517397 -3.37585204 -25.4597964 -0.00630345489 -0.00166894525 0.00172480443 0.0287670442 -0.000909995089 0.655536 
1723530548.41036749 2.45159369 -2.5926252 -19.5435593 0.00349471561 0.716502022 -0.664079193 0.213568407 3.86200592 -3.71177438 -27.347384 -0.00630345489 -0.00166894525 0.00172480443 0.0287670442 -0.000909995089 0.655536 
1723530548.50461006 2.82748665 -2.95618258 -22.2030638 0.00337436019 0.71655627 -0.663932508 0.213844221 4.11513117 -4.00357915 -29.0921727 -0.00630345489 -0.00166894525 0.00172480443 0.0287670442 -0.000909995089 0.655536 
1723530548.60694098 3.26289825 -3.38239838 -25.276704 0.00326879276 0.716604785 -0.663786994 0.214134824 4.39474219 -4.32656754 -30.9803851 -0.00630345489 -0.00166894525 0.00172480443 0.0287670442 -0.000909995089 0.655536 
1723530548.70523691 3.70781379 -3.82257227 -28.4109031 0.00316294218 0.716655902 -0.663641211 0.214417017 4.65783104 -4.62952863 -32.7902965 -0.00630345489 -0.00166894525 0.00172480443 0.0287670442 -0.000909995089 0.655536 
1723530548.80356121 4.17906434 -4.29354972 -31.7235582 0.00303919736 0.716692121 -0.663512112 0.214697097 4.92780672 -4.95055387 -34.5919299 -0.00630345489 -0.00166894525 0.00172480443 0.0287670442 -0.000909995089 0.655536 
1723530548.90197587 4.67734664 -4.79614708 -35.2169966 0.00292346804 0.716724827 -0.663383927 0.214985445 5.19837359 -5.26331796 -36.4023395 -0.00630345489 -0.00166894525 0.00172480443 0.0287670442 -0.000909995089 0.655536 
1723530549.00106764 5.2056957 -5.33352789 -38.9144636 0.00278659404 0.716756006 -0.663258486 0.215270163 5.46545992 -5.58280611 -38.2247876 -0.00630345489 -0.00166894525 0.00172480443 0.0287670442 -0.000909995089 0.655536 
1723530549.09468508 5.72995101 -5.87022621 -42.5727527 0.00267070529 0.716810727 -0.663099076 0.215580297 5.7344899 -5.88297059 -39.9292223 -0.00630345489 -0.00166894525 0.00172480443 0.0287670442 -0.000909995089 0.655536 
1723530549.19282126 6.30531596 -6.46292854 -46.5798113 0.00251333625 0.716844848 -0.66295824 0.21590164 5.99135701 -6.19620934 -41.7339987 -0.00630345489 -0.00166894525 0.00172480443 0.0287670442 -0.000909995089 0.655536 
1723530549.29117966 6.90739492 -7.08828188 -50.7736642 0.00241117714 0.716842899 -0.662872155 0.216173426 6.25119683 -6.51960107 -43.5429728 -0.00630345489 -0.00166894525 0.00172480443 0.0287670442 -0.000909995089 0.655536 
1723530549.3891778 7.53272847 -7.74236316 -55.1290991 0.00232488025 0.716862733 -0.662766674 0.216431867 6.51095428 -6.82924955 -45.3451384 -0.00630345489 -0.00166894525 0.00172480443 0.0287670442 -0.000909995089 0.655536 
1723530549.48760915 8.18655097 -8.42940393 -59.681665 0.00218650245 0.716902456 -0.662619349 0.216752593 6.77388872 -7.13054638 -47.1572191 -0.00630345489 -0.00166894525 0.00172480443 0.0287670442 -0.000909995089 0.655536 
1723530549.58595324 8.86515457 -9.14675605 -64.4090187 0.00209498243 0.716981415 -0.662444617 0.217026244 7.02670898 -7.45807067 -48.9818326 -0.00630345489 -0.00166894525 0.00172480443 0.0287670442 -0.000909995089 0.655536 
1723530549.68455553 9.57208508 -9.89695106 -69.3282743 0.00198260912 0.717046823 -0.662278631 0.217317599 7.31231861 -7.75851265 -50.7979078 -0.00630345489 -0.00166894525 0.00172480443 0.0287670442 -0.000909995089 0.655536 
1723530549.78260517 10.3017386 -10.6731965 -74.3970951 0.00187522103 0.717124376 -0.662098314 0.217611894 7.57103154 -8.07521051 -52.595042 -0.00630345489 -0.00166894525 0.00172480443 0.0287670442 -0.000909995089 0.655536 
1723530549.88090181 11.0593863 -11.4818538 -79.6557615 0.0017979985 0.717159702 -0.661975472 0.217869692 7.84450263 -8.37819652 -54.4008065 -0.00630345489 -0.00166894525 0.00172480443 0.0287670442 -0.000909995089 0.655536 
1723530549.97900295 11.8418018 -12.3185931 -85.0819796 0.00162449267 0.717179937 -0.661847456 0.218193137 8.10669952 -8.6805107 -56.2241707 -0.00630345489 -0.00166894525 0.00172480443 0.0287670442 -0.000909995089 0.655536 
1723530550.07348084 12.6190755 -13.1532242 -90.4764711 0.00144692119 0.717231246 -0.661684336 0.218520218 8.34738708 -8.98777149 -57.9716787 -0.00630345489 -0.00166894525 0.00172480443 0.0287670442 -0.000909995089 0.655536 
1723530550.17170024 13.451822 -14.051421 -96.258632 0.00141313393 0.717276308 -0.661553252 0.218769276 8.6094767 -9.30183126 -59.768018 -0.00630345489 -0.00166894525 0.00172480443 0.0287670442 -0.000909995089 0.655536 
1723530550.27008772 14.3110862 -14.9829174 -102.228889 0.00128891605 0.717312944 -0.661418178 0.219058148 8.85746602 -9.63343051 -61.5941037 -0.00630345489 -0.00166894525 0.00172480443 0.0287670442 -0.000909995089 0.655536 
1723530550.36841226 15.194691 -15.9452006 -108.37374 0.00120109517 0.717306139 -0.661342157 0.219310309 9.11576368 -9.94018345 -63.3971043 -0.00630345489 -0.00166894525 0.00172480443 0.0287670442 -0.000909995089 0.655536 
1723530550.46677804 16.1052407 -16.9379958 -114.698478 0.00106801523 0.717315057 -0.661236117 0.219601379 9.39778311 -10.2456001 -65.1991975 -0.00630345489 -0.00166894525 0.00172480443 0.0287670442 -0.000909995089 0.655536 
1723530550.56487823 17.0404326 -17.9586833 -121.18259 0.000966284071 0.717353039 -0.661108783 0.219861004 9.66827326 -10.5634824 -66.9944709 -0.00630345489 -0.00166894525 0.00172480443 0.0287670442 -0.000909995089 0.655536 
1723530550.66331434 18.0058808 -19.0141626 -127.866291 0.000875776765 0.717388216 -0.660984249 0.220120881 9.94745853 -10.8814778 -68.8032643 -0.00630345489 -0.00166894525 0.00172480443 0.0287670442 -0.000909995089 0.655536 
1723530550.76163435 18.9979225 -20.099758 -134.719566 0.000766502501 0.717440869 -0.660831157 0.220409152 10.2323954 -11.2014216 -70.6042886 -0.00630345489 -0.00166894525 0.00172480443 0.0287670442 -0.000909995089 0.655536 
1723530550.8601172 20.0188748 -21.2185048 -141.761888 0.000665536524 0.717471177 -0.660706588 0.220684099 10.5012114 -11.5182059 -72.4119187 -0.00630345489 -0.00166894525 0.00172480443 0.0287670442 -0.000909995089 0.655536 
1723530550.95825791 21.0629755 -22.3645861 -148.957054 0.000533600657 0.717493678 -0.660581994 0.220984086 10.7764146 -11.8376727 -74.2176593 -0.00630345489 -0.00166894525 0.00172480443 0.0287670442 -0.000909995089 0.655536 
1723530551.05672812 22.1372353 -23.5462041 -156.354278 0.00040159102 0.717488139 -0.660495578 0.221260482 11.0425651 -12.1618293 -76.0252277 -0.00630345489 -0.00166894525 0.00172480443 0.0287670442 -0.000909995089 0.655536 
1723530551.15064597 23.1868825 -24.702614 -163.575263 0.000292884635 0.71751494 -0.6603778 0.221525136 11.30989 -12.4641588 -77.7471323 -0.00630345489 -0.00166894525 0.00172480443 0.0287670442 -0.000909995089 0.655536 
1723530551.24914217 24.3145187 -25.9461843 -171.322051 0.000171541289 0.717561779 -0.66022881 0.221817452 11.5871602 -12.7869736 -79.5541304 -0.00630345489 -0.00166894525 0.00172480443 0.0287670442 -0.000909995089 0.655536 
1723530551.34738898 25.4663823 -27.218004 -179.226613 4.40139686e-05 0.717602219 -0.660082911 0.222120696 11.8612055 -13.1033262 -81.3582074 -0.00630345489 -0.00166894525 0.00172480443 0.0287670442 -0.000909995089 0.655536 
1723530551.44587326 26.6481501 -28.5244107 -187.32829 -3.9461914e-05 0.717646373 -0.659948136 0.22237837 12.1379101 -13.4269314 -83.1690998 -0.00630345489 -0.00166894525 0.00172480443 0.0287670442 -0.000909995089 0.655536 
1723530551.54402041 27.8536075 -29.858079 -195.578936 -0.000144170466 0.717704271 -0.659790297 0.222659655 12.4263763 -13.7499817 -84.9589816 -0.00630345489 -0.00166894525 0.00172480443 0.0287670442 -0.000909995089 0.655536 
1723530551.64656687 29.1424582 -31.2850701 -204.388014 -0.000250219986 0.7177571 -0.659632825 0.222955642 12.7105386 -14.0811338 -86.8476074 -0.00630345489 -0.00166894525 0.00172480443 0.0287670442 -0.000909995089 0.655536 
1723530551.7448194 30.4046754 -32.6842577 -213.00946 -0.000362357272 0.717811848 -0.659474443 0.223247572 12.9827858 -14.4003218 -88.6480255 -0.00630345489 -0.00166894525 0.00172480443 0.0287670442 -0.000909995089 0.655536 
1723530551.84297395 31.6931289 -34.1129011 -221.799121 -0.000459952066 0.717852558 -0.659342166 0.223507051 13.2707818 -14.7097604 -90.4503874 -0.00630345489 -0.00166894525 0.00172480443 0.0287670442 -0.000909995089 0.655536 
1723530551.94134402 33.0122349 -35.5758567 -230.785425 -0.000578167392 0.717867673 -0.659229112 0.223791528 13.5484735 -15.034154 -92.2536324 -0.00630345489 -0.00166894525 0.00172480443 0.0287670442 -0.000909995089 0.655536 
1723530552.03965163 34.3582252 -37.0695606 -239.94298 -0.000704654117 0.717870115 -0.65912562 0.224087969 13.8347629 -15.3542155 -94.0504492 -0.00630345489 -0.00166894525 0.00172480443 0.0287670442 -0.000909995089 0.655536 
1723530552.13394737 35.6757102 -38.5316129 -248.89294 -0.000805870619 0.717875195 -0.659032217 0.22434592 14.1089173 -15.6557168 -95.7769981 -0.00630345489 -0.00166894525 0.00172480443 0.0287670442 -0.000909995089 0.655536 
1723530552.23629904 37.1347965 -40.1500541 -258.792067 -0.000919468599 0.717928549 -0.658874275 0.22463847 14.4023197 -15.9693913 -97.656631 -0.00630345489 -0.00166894525 0.00172480443 0.0287670442 -0.000909995089 0.655536 
1723530552.33473039 38.5666498 -41.7375074 -268.49318 -0.00102070928 0.717987496 -0.658709132 0.224933753 14.6911203 -16.2856436 -99.4576633 -0.00630345489 -0.00166894525 0.00172480443 0.0287670442 -0.000909995089 0.655536 
1723530552.43288469 40.0229085 -43.3517393 -278.344037 -0.0011295328 0.718023548 -0.658567213 0.225233512 14.9817233 -16.6060741 -101.264192 -0.00630345489 -0.00166894525 0.00172480443 0.0287670442 -0.000909995089 0.655536 
1723530552.53112268 41.5083504 -44.9989582 -288.380613 -0.00125250908 0.718060651 -0.658433972 0.225503962 15.2599776 -16.9291983 -103.067679 -0.00630345489 -0.00166894525 0.00172480443 0.0287670442 -0.000909995089 0.655536 
1723530552.62965941 43.0260117 -46.6823102 -298.625144 -0.00137012237 0.71807132 -0.65832588 0.225784714 15.5439932 -17.2377969 -104.865564 -0.00630345489 -0.00166894525 0.00172480443 0.0287670442 -0.000909995089 0.655536 
1723530552.7281127 44.5706505 -48.3942454 -309.037939 -0.00150086883 0.718075865 -0.658225076 0.226063155 15.8341132 -17.5388034 -106.662074 -0.00630345489 -0.00166894525 0.00172480443 0.0287670442 -0.000909995089 0.655536 
1723530552.82618046 46.1378359 -50.1300906 -319.586047 -0.00161448521 0.718116847 -0.658082236 0.226347868 16.1271628 -17.8621305 -108.456693 -0.00630345489 -0.00166894525 0.00172480443 0.0287670442 -0.000909995089 0.655536 
1723530552.92440939 47.7365439 -51.9009924 -330.327405 -0.00171798495 0.71814464 -0.657957888 0.22662026 16.423492 -18.194494 -110.243791 -0.00630345489 -0.00166894525 0.00172480443 0.0287670442 -0.000909995089 0.655536 
1723530553.02292991 49.3691723 -53.709219 -341.277319 -0.0018437714 0.718142455 -0.657863909 0.226898859 16.7194201 -18.5131199 -112.043186 -0.00630345489 -0.00166894525 0.00172480443 0.0287670442 -0.000909995089 0.655536 
1723530553.11699986 50.9551991 -55.4649875 -351.89823 -0.00194266017 0.718167887 -0.657748365 0.227152371 17.0007358 -18.8158753 -113.765596 -0.00630345489 -0.00166894525 0.00172480443 0.0287670442 -0.000909995089 0.655536 
1723530553.21529174 52.6412987 -57.3306446 -363.168687 -0.00206521769 0.718174923 -0.657642988 0.22743398 17.3072795 -19.1456979 -115.560739 -0.00630345489 -0.00166894525 0.00172480443 0.0287670442 -0.000909995089 0.655536 
1723530553.31361794 54.3577791 -59.2287208 -374.618987 -0.00215681394 0.718167193 -0.657561484 0.227693052 17.6067167 -19.4620415 -117.343586 -0.00630345489 -0.00166894525 0.00172480443 0.0287670442 -0.000909995089 0.655536 
1723530553.41233921 56.1109823 -61.1656465 -386.292331 -0.0022695297 0.718188029 -0.657443156 0.227967763 17.9115315 -19.7782501 -119.147389 -0.00630345489 -0.00166894525 0.00172480443 0.0287670442 -0.000909995089 0.655536 
1723530553.5103209 57.8808936 -63.1194094 -398.05389 -0.00237315191 0.718237612 -0.657289359 0.228253806 18.215856 -20.1019133 -120.929281 -0.00630345489 -0.00166894525 0.00172480443 0.0287670442 -0.000909995089 0.655536 
1723530553.60853887 59.684543 -65.1104176 -410.018949 -0.00252894972 0.718233558 -0.65719659 0.228531841 18.5116285 -20.4407357 -122.713705 -0.00630345489 -0.00166894525 0.00172480443 0.0287670442 -0.000909995089 0.655536 
1723530553.70683813 61.5196309 -67.1355958 -422.169815 -0.00264541995 0.718256789 -0.657071317 0.228817549 18.8251289 -20.7636037 -124.508201 -0.00630345489 -0.00166894525 0.00172480443 0.0287670442 -0.000909995089 0.655536 
1723530553.80516577 63.3855898 -69.1930664 -434.500755 -0.00274954803 0.718298735 -0.656923892 0.229107763 19.1287779 -21.0856802 -126.305117 -0.00630345489 -0.00166894525 0.00172480443 0.0287670442 -0.000909995089 0.655536 
1723530553.90354371 65.2819361 -71.283346 -447.014689 -0.00286464323 0.718349058 -0.656762617 0.229410745 19.4234875 -21.4092028 -128.100147 -0.00630345489 -0.00166894525 0.00172480443 0.0287670442 -0.000909995089 0.655536 
1723530554.00198221 67.2089952 -73.4067118 -459.712661 -0.00297756424 0.718382888 -0.656626182 0.229693745 19.7290606 -21.7317601 -129.887783 -0.00630345489 -0.00166894525 0.00172480443 0.0287670442 -0.000909995089 0.655536 
1723530554.10019565 69.1612912 -75.5568984 -472.557467 -0.00308289461 0.718414795 -0.656495285 0.22996656 20.0271306 -22.0542379 -131.681436 -0.00630345489 -0.00166894525 0.00172480443 0.0287670442 -0.000909995089 0.655536 
1723530554.19844484 71.1440055 -77.7395801 -485.583219 -0.00318927597 0.718433624 -0.656377021 0.230243704 20.3337947 -22.3773048 -133.475999 -0.00630345489 -0.00166894525 0.00172480443 0.0287670442 -0.000909995089 0.655536 
1723530554.29688382 73.1608668 -79.9582615 -498.810452 -0.00328944124 0.718480709 -0.656223765 0.230532039 20.6430884 -22.6999891 -135.263743 -0.00630345489 -0.00166894525 0.00172480443 0.0287670442 -0.000909995089 0.655536 
1723530554.39509177 75.2030928 -82.2034384 -512.182205 -0.00339166353 0.71851488 -0.656084255 0.230820957 20.9467426 -23.0229254 -137.051324 -0.00630345489 -0.00166894525 0.00172480443 0.0287670442 -0.000909995089 0.655536 
1723530554.49335051 77.2759481 -84.4820797 -525.736607 -0.00350772926 0.718539508 -0.655956911 0.231104311 21.2450357 -23.3575074 -138.84074 -0.00630345489 -0.00166894525 0.00172480443 0.0287670442 -0.000909995089 0.655536 
1723530554.59177136 79.3809739 -86.7969291 -539.489788 -0.00361149214 0.718582326 -0.655806296 0.231396843 21.5309724 -23.6823058 -140.636225 -0.00630345489 -0.00166894525 0.00172480443 0.0287670442 -0.000909995089 0.655536 
1723530554.69011116 81.5130505 -89.1420064 -553.407801 -0.00372373777 0.718614534 -0.655673362 0.231671594 21.8304477 -24.0110467 -142.423401 -0.00630345489 -0.00166894525 0.00172480443 0.0287670442 -0.000909995089 0.655536 
1723530554.78853035 83.6759378 -91.5212641 -567.513488 -0.00384946023 0.718631084 -0.655555697 0.231951018 22.122106 -24.3384206 -144.221655 -0.00630345489 -0.00166894525 0.00172480443 0.0287670442 -0.000909995089 0.655536 
1723530554.88847089 85.9025917 -93.9696124 -582.018363 -0.00397189081 0.718660604 -0.655422348 0.232234164 22.4374678 -24.6576812 -146.048431 -0.00630345489 -0.00166894525 0.00172480443 0.0287670442 -0.000909995089 0.655536 
1723530554.98494816 88.0816658 -96.3631938 -596.193502 -0.00408571082 0.718672693 -0.655311346 0.232507864 22.7353286 -24.9619109 -147.806052 -0.00630345489 -0.00166894525 0.00172480443 0.0287670442 -0.000909995089 0.655536 
1723530555.08327341 90.3330074 -98.8328554 -610.814402 -0.00417683436 0.718729443 -0.655141814 0.232808389 23.0584333 -25.2726215 -149.592622 -0.00630345489 -0.00166894525 0.00172480443 0.0287670442 -0.000909995089 0.655536 
1723530555.1831212 92.6502709 -101.373004 -625.841848 -0.00427498252 0.71877002 -0.654987419 0.233115559 23.3574849 -25.6078003 -151.414453 -0.00630345489 -0.00166894525 0.00172480443 0.0287670442 -0.000909995089 0.655536 
1723530555.27984262 94.9243103 -103.864651 -640.571955 -0.00438549618 0.718748732 -0.65490498 0.233410569 23.6649771 -25.9143241 -153.17389 -0.00630345489 -0.00166894525 0.00172480443 0.0287670442 -0.000909995089 0.655536 
1723530555.37811995 97.2652476 -106.427149 -655.713028 -0.00447320405 0.718767697 -0.654796025 0.233656058 23.9744383 -26.2339863 -154.955618 -0.00630345489 -0.00166894525 0.00172480443 0.0287670442 -0.000909995089 0.655536 
1723530555.47651696 99.6403179 -109.024547 -671.047931 -0.00459019803 0.718753879 -0.654713816 0.233926505 24.3008125 -26.5602527 -156.738852 -0.00630345489 -0.00166894525 0.00172480443 0.0287670442 -0.000909995089 0.655536 
1723530555.57480836 102.044889 -111.65101 -686.541495 -0.00469841196 0.718795152 -0.654563412 0.234218263 24.6265763 -26.8821241 -158.518945 -0.00630345489 -0.00166894525 0.00172480443 0.0287670442 -0.000909995089 0.655536 
1723530555.67317581 104.48277 -114.310684 -702.22278 -0.00479659205 0.718819057 -0.654440108 0.234487314 24.9402561 -27.1941922 -160.311812 -0.00630345489 -0.00166894525 0.00172480443 0.0287670442 -0.000909995089 0.655536 
1723530555.77146101 106.950144 -116.999062 -718.067185 -0.00489347711 0.718840012 -0.654323936 0.234745135 25.2681902 -27.5114535 -162.105095 -0.00630345489 -0.00166894525 0.00172480443 0.0287670442 -0.000909995089 0.655536 
1723530555.8697319 109.448947 -119.717206 -734.084933 -0.00498016901 0.718863745 -0.654206064 0.234999022 25.5872233 -27.8079569 -163.886605 -0.00630345489 -0.00166894525 0.00172480443 0.0287670442 -0.000909995089 0.655536 
1723530555.96404767 111.877571 -122.354541 -749.622372 -0.00507635301 0.718874798 -0.654095221 0.235271541 25.9126158 -28.117682 -165.590421 -0.00630345489 -0.00166894525 0.00172480443 0.0287670442 -0.000909995089 0.655536 
1723530556.06222177 114.436782 -125.130585 -765.96616 -0.00519628305 0.718878087 -0.653984764 0.235565751 26.2235746 -28.4358228 -167.364784 -0.00630345489 -0.00166894525 0.00172480443 0.0287670442 -0.000909995089 0.655536 
1723530556.16056991 117.033109 -127.942794 -782.513625 -0.00530732409 0.718892752 -0.653862694 0.235857204 26.575125 -28.75304 -169.143156 -0.00630345489 -0.00166894525 0.00172480443 0.0287670442 -0.000909995089 0.655536 
1723530556.25889015 119.666024 -130.785343 -799.232115 -0.00541254653 0.718913108 -0.653736953 0.236141152 26.9828196 -29.0692002 -170.939189 -0.00630345489 -0.00166894525 0.00172480443 0.0287670442 -0.000909995089 0.655536 
1723530556.35716963 122.333843 -133.657435 -816.118745 -0.00552876951 0.718934307 -0.653604478 0.236440441 27.307638 -29.3782455 -172.705917 -0.00630345489 -0.00166894525 0.00172480443 0.0287670442 -0.000909995089 0.655536 
1723530556.45555687 125.03737 -136.563616 -833.198597 -0.00565447136 0.71896235 -0.653461287 0.236747782 27.649213 -29.698127 -174.490558 -0.00630345489 -0.00166894525 0.00172480443 0.0287670442 -0.000909995089 0.655536 
1723530556.54997039 127.662759 -139.381576 -849.754265 -0.0057556467 0.71896583 -0.653361902 0.237008931 27.9654852 -29.9958799 -176.2149 -0.00630345489 -0.00166894525 0.00172480443 0.0287670442 -0.000909995089 0.655536 
1723530556.64815617 130.425912 -142.341814 -867.143081 -0.00585301593 0.718979052 -0.653249201 0.23727694 28.3186809 -30.3028169 -177.987442 -0.00630345489 -0.00166894525 0.00172480443 0.0287670442 -0.000909995089 0.655536 
1723530556.74637485 133.223626 -145.333365 -884.712399 -0.00595628787 0.718995431 -0.653132398 0.237546127 28.6504038 -30.613332 -179.771739 -0.00630345489 -0.00166894525 0.00172480443 0.0287670442 -0.000909995089 0.655536 
1723530556.84472585 136.058575 -148.360369 -902.481591 -0.0060116938 0.718962781 -0.653089918 0.237760254 28.9992277 -30.9417878 -181.570635 -0.00630345489 -0.00166894525 0.00172480443 0.0287670442 -0.000909995089 0.655536 
1723530556.94293714 138.923968 -151.414168 -920.400606 -0.00595615224 0.718902098 -0.653100241 0.237916735 29.3523647 -31.2465641 -183.336817 -0.00630345489 -0.00166894525 0.00172480443 0.0287670442 -0.000909995089 0.655536 
1723530557.04136777 141.831757 -154.503266 -938.532309 -0.00590612348 0.718895963 -0.653035979 0.238112835 29.7306411 -31.5204366 -185.079039 -0.00630345489 -0.00166894525 0.00172480443 0.0287670442 -0.000909995089 0.655536 
1723530557.13959789 144.771922 -157.610586 -956.797979 -0.00586295501 0.718954198 -0.652891725 0.238333553 30.1321599 -31.7456926 -186.816436 -0.00630345489 -0.00166894525 0.00172480443 0.0287670442 -0.000909995089 0.655536 
1723530557.23799133 147.755547 -160.746711 -975.263346 -0.00614476271 0.719122595 -0.652538235 0.238786071 30.5146696 -32.0009287 -188.520925 -0.00630345489 -0.00166894525 0.00172480443 0.0287670442 -0.000909995089 0.655536 
1723530557.33211589 150.641179 -163.775189 -993.088897 -0.00669420181 0.719095688 -0.652382919 0.239276211 30.8005097 -32.3495106 -190.244237 -0.00630345489 -0.00166894525 0.00172480443 0.0287670442 -0.000909995089 0.655536 
1723530557.43451381 153.813832 -167.100577 -1012.66432 -0.00660856137 0.719221723 -0.65213285 0.239581271 31.1666325 -32.6008029 -192.095975 -0.00630345489 -0.00166894525 0.00172480443 0.0287670442 -0.000909995089 0.655536 
1723530557.53297043 156.903404 -170.325516 -1031.66681 -0.0070413962 0.719364852 -0.651842057 0.239930326 31.5934401 -32.9090312 -193.911466 -0.00630345489 -0.00166894525 0.00172480443 0.0287670442 -0.000909995089 0.655536 
1723530557.63130426 160.028203 -173.576661 -1050.82141 -0.00714979348 0.719322623 -0.651784023 0.240211222 31.9614685 -33.2156243 -195.671519 -0.00630345489 -0.00166894525 0.00172480443 0.0287670442 -0.000909995089 0.655536 
1723530557.72538328 163.051674 -176.713699 -1069.30977 -0.00717597487 0.7192645 -0.651743712 0.240493697 32.3136554 -33.4738023 -197.367483 -0.00630345489 -0.00166894525 0.00172480443 0.0287670442 -0.000909995089 0.655536 
1723530557.82371783 166.244788 -180.018996 -1088.80582 -0.00727410771 0.719331942 -0.65155571 0.240798258 32.630231 -33.7517424 -199.157524 -0.00630345489 -0.00166894525 0.00172480443 0.0287670442 -0.000909995089 0.655536 
1723530557.92203093 169.471183 -183.351196 -1108.47238 -0.00735448695 0.719309354 -0.651466084 0.241105592 33.0048789 -34.0357639 -200.922634 -0.00630345489 -0.00166894525 0.00172480443 0.0287670442 -0.000909995089 0.655536 
1723530558.02027106 172.734608 -186.708663 -1128.29631 -0.00746206659 0.719190016 -0.651501576 0.24136225 33.4328344 -34.3164768 -202.658498 -0.00630345489 -0.00166894525 0.00172480443 0.0287670442 -0.000909995089 0.655536 
1723530558.11872816 176.044326 -190.09965 -1148.33663 -0.0076015444 0.719185531 -0.65139428 0.241660672 33.7988437 -34.5660577 -204.428763 -0.00630345489 -0.00166894525 0.00172480443 0.0287670442 -0.000909995089 0.655536 
1723530558.21747208 179.398524 -193.529619 -1168.61158 -0.00782124922 0.719177852 -0.651325647 0.241861421 34.13847 -34.9059627 -206.228513 -0.00630345489 -0.00166894525 0.00172480443 0.0287670442 -0.000909995089 0.655536 
1723530558.31525612 182.752705 -196.9598 -1188.86433 -0.00799141281 0.719221624 -0.651197581 0.242070451 34.4653711 -35.2523352 -208.005634 -0.00630345489 -0.00166894525 0.00172480443 0.0287670442 -0.000909995089 0.655536 
1723530558.41372442 186.163062 -200.4466 -1209.43381 -0.00811086235 0.719313759 -0.65097878 0.242381019 34.8027589 -35.5684236 -209.783329 -0.00630345489 -0.00166894525 0.00172480443 0.0287670442 -0.000909995089 0.655536 
1723530558.51176238 189.589451 -203.948452 -1230.08878 -0.00817963332 0.719348806 -0.650820632 0.242699185 35.0964757 -35.8702685 -211.583464 -0.00630345489 -0.00166894525 0.00172480443 0.0287670442 -0.000909995089 0.655536 
1723530558.61028099 193.063207 -207.49801 -1251.02222 -0.00822201658 0.719343205 -0.65072453 0.24297189 35.4233054 -36.188364 -213.380691 -0.00630345489 -0.00166894525 0.00172480443 0.0287670442 -0.000909995089 0.655536 
1723530558.70861149 196.562196 -211.071553 -1272.09222 -0.00828943327 0.719341311 -0.650607538 0.243288296 35.7446242 -36.4959594 -215.174061 -0.00630345489 -0.00166894525 0.00172480443 0.0287670442 -0.000909995089 0.655536 
1723530558.80278015 199.943571 -214.521294 -1292.43519 -0.00838304894 0.719339622 -0.650519037 0.243526619 36.0706778 -36.7713123 -216.879707 -0.00630345489 -0.00166894525 0.00172480443 0.0287670442 -0.000909995089 0.655536 
1723530558.90098 203.502758 -218.146664 -1313.81979 -0.00849742022 0.719329798 -0.650415282 0.24382862 36.4179694 -37.0652589 -218.652599 -0.00630345489 -0.00166894525 0.00172480443 0.0287670442 -0.000909995089 0.655536 
1723530558.99941611 207.10474 -221.808616 -1335.4315 -0.0086589775 0.719350881 -0.650278973 0.244124125 36.7661778 -37.3373528 -220.44859 -0.00630345489 -0.00166894525 0.00172480443 0.0287670442 -0.000909995089 0.655536 
1723530559.09790659 210.743391 -225.500401 -1357.23193 -0.00879981318 0.71944474 -0.65005358 0.244442577 37.1222122 -37.629999 -222.242556 -0.00630345489 -0.00166894525 0.00172480443 0.0287670442 -0.000909995089 0.655536 
1723530559.19599676 214.40208 -229.207501 -1379.11887 -0.0089214741 0.719475666 -0.649900588 0.244753752 37.4762684 -37.9555513 -224.019049 -0.00630345489 -0.00166894525 0.00172480443 0.0287670442 -0.000909995089 0.655536 
1723530559.29036808 217.954237 -232.803358 -1400.34044 -0.0090482627 0.719495296 -0.64977171 0.245033413 37.804172 -38.2510301 -225.727164 -0.00630345489 -0.00166894525 0.00172480443 0.0287670442 -0.000909995089 0.655536 
1723530559.38868952 221.688309 -236.578241 -1422.62155 -0.00917655569 0.71954254 -0.649615122 0.245304947 38.1522296 -38.5355322 -227.502747 -0.00630345489 -0.00166894525 0.00172480443 0.0287670442 -0.000909995089 0.655536 
1723530559.48692226 225.453823 -240.378204 -1445.05676 -0.00931666314 0.719544292 -0.649506377 0.245582326 38.5129346 -38.8309898 -229.273967 -0.00630345489 -0.00166894525 0.00172480443 0.0287670442 -0.000909995089 0.655536 
1723530559.58508587 229.250172 -244.203987 -1467.6507 -0.00941900244 0.719562319 -0.6493777 0.245865722 38.8344382 -39.1160814 -231.058334 -0.00630345489 -0.00166894525 0.00172480443 0.0287670442 -0.000909995089 0.655536 
1723530559.6834631 233.088122 -248.067088 -1490.46853 -0.00954641704 0.719573391 -0.649255176 0.246151816 39.1907253 -39.4204083 -232.825962 -0.00630345489 -0.00166894525 0.00172480443 0.0287670442 -0.000909995089 0.655536 
1723530559.7818718 236.961486 -251.961148 -1513.46858 -0.00963774915 0.71961131 -0.649097327 0.246453517 39.5292451 -39.7201627 -234.613449 -0.00630345489 -0.00166894525 0.00172480443 0.0287670442 -0.000909995089 0.655536 
1723530559.88002872 240.856649 -255.875653 -1536.58567 -0.00973574486 0.719625192 -0.648973595 0.24673482 39.836768 -40.0399701 -236.409701 -0.00630345489 -0.00166894525 0.00172480443 0.0287670442 -0.000909995089 0.655536 
1723530559.97834539 244.789783 -259.827187 -1559.91604 -0.00983910348 0.719600949 -0.648901017 0.246992179 40.1727388 -40.3438261 -238.186686 -0.00630345489 -0.00166894525 0.00172480443 0.0287670442 -0.000909995089 0.655536 
1723530560.07677698 248.760926 -263.813441 -1583.44882 -0.00994237176 0.719605267 -0.648788071 0.247272012 40.5156633 -40.651604 -239.9683 -0.00630345489 -0.00166894525 0.00172480443 0.0287670442 -0.000909995089 0.655536 
1723530560.17507005 252.760037 -267.823202 -1607.12345 -0.0100540099 0.719655079 -0.648622732 0.247556125 40.8554925 -40.936265 -241.74694 -0.00630345489 -0.00166894525 0.00172480443 0.0287670442 -0.000909995089 0.655536 
1723530560.27344656 256.796125 -271.865179 -1630.99336 -0.0101603821 0.719697295 -0.648465789 0.24784005 41.1984147 -41.2373579 -243.529685 -0.00630345489 -0.00166894525 0.00172480443 0.0287670442 -0.000909995089 0.655536 
1723530560.3718152 260.86533 -275.937318 -1655.03661 -0.0102943134 0.719681949 -0.64837287 0.24812203 41.5353695 -41.5560673 -245.309998 -0.00630345489 -0.00166894525 0.00172480443 0.0287670442 -0.000909995089 0.655536 
1723530560.47009897 264.964186 -280.037265 -1679.23342 -0.0104212586 0.719692417 -0.648251905 0.248402273 41.873235 -41.8747524 -247.076605 -0.00630345489 -0.00166894525 0.00172480443 0.0287670442 -0.000909995089 0.655536 
1723530560.56419992 268.920312 -283.990399 -1702.56353 -0.0105273876 0.719701568 -0.648148842 0.248640114 42.2093425 -42.144241 -248.776357 -0.00630345489 -0.00166894525 0.00172480443 0.0287670442 -0.000909995089 0.655536 
1723530560.66691256 273.275345 -288.335037 -1728.21069 -0.010688676 0.719759142 -0.647980097 0.248906255 42.5910086 -42.4536898 -250.62006 -0.00630345489 -0.00166894525 0.00172480443 0.0287670442 -0.000909995089 0.655536 
1723530560.76083899 277.291209 -292.337146 -1751.83051 -0.0108014616 0.719816403 -0.647805175 0.249190949 42.919831 -42.7642696 -252.32294 -0.00630345489 -0.00166894525 0.00172480443 0.0287670442 -0.000909995089 0.655536 
1723530560.85928416 281.532922 -296.561749 -1776.75738 -0.0108942998 0.719817052 -0.647695843 0.249469079 43.2542858 -43.0622283 -254.088136 -0.00630345489 -0.00166894525 0.00172480443 0.0287670442 -0.000909995089 0.655536 
1723530560.9575839 285.805086 -300.811069 -1801.82028 -0.0110284593 0.719780195 -0.647643764 0.249704622 43.6668776 -43.3941557 -255.839966 -0.00630345489 -0.00166894525 0.00172480443 0.0287670442 -0.000909995089 0.655536 
1723530561.05579066 290.108175 -305.089133 -1827.03581 -0.0111157326 0.719798243 -0.647520995 0.24996698 43.9663787 -43.7294756 -257.67942 -0.00630345489 -0.00166894525 0.00172480443 0.0287670442 -0.000909995089 0.655536 
1723530561.15423965 294.453194 -309.412355 -1852.49282 -0.0112409534 0.71982823 -0.647368176 0.250270663 44.303066 -44.0971454 -259.481919 -0.00630345489 -0.00166894525 0.00172480443 0.0287670442 -0.000909995089 0.655536 
1723530561.25236583 298.81846 -313.754997 -1878.04291 -0.0112413238 0.71982686 -0.647247456 0.250586622 44.6694399 -44.4142617 -261.278017 -0.00630345489 -0.00166894525 0.00172480443 0.0287670442 -0.000909995089 0.655536 
1723530561.35055637 303.220986 -318.131856 -1903.78507 -0.0114284646 0.71984565 -0.647080046 0.250956262 45.0036822 -44.7360388 -263.052618 -0.00630345489 -0.00166894525 0.00172480443 0.0287670442 -0.000909995089 0.655536 
1723530561.44909859 307.67279 -322.555127 -1929.79409 -0.0115349734 0.719836296 -0.646978764 0.251239191 45.3495403 -45.0380984 -264.823255 -0.00630345489 -0.00166894525 0.00172480443 0.0287670442 -0.000909995089 0.655536 
1723530561.54316974 311.954532 -326.805307 -1954.78613 -0.0116623382 0.719816709 -0.646908247 0.251470905 45.6824601 -45.3228778 -266.520045 -0.00630345489 -0.00166894525 0.00172480443 0.0287670442 -0.000909995089 0.655536 
1723530561.64167523 316.47196 -331.284311 -1981.12667 -0.0118052515 0.719797725 -0.646816183 0.25175523 46.0368517 -45.6162815 -268.283298 -0.00630345489 -0.00166894525 0.00172480443 0.0287670442 -0.000909995089 0.655536 
1723530561.73984933 321.007912 -335.778199 -2007.55298 -0.0119324372 0.719856171 -0.646632104 0.252054819 46.3694411 -45.9330835 -270.072848 -0.00630345489 -0.00166894525 0.00172480443 0.0287670442 -0.000909995089 0.655536 
1723530561.83828068 325.589191 -340.314361 -2034.22458 -0.0120426306 0.719926837 -0.646421684 0.252387263 46.7163164 -46.2359621 -271.860126 -0.00630345489 -0.00166894525 0.00172480443 0.0287670442 -0.000909995089 0.655536 
1723530561.93658185 330.198303 -344.875108 -2061.03609 -0.0121440975 0.719932825 -0.646285846 0.252712986 47.0590051 -46.5553506 -273.637132 -0.00630345489 -0.00166894525 0.00172480443 0.0287670442 -0.000909995089 0.655536 
1723530562.03066707 334.640778 -349.268778 -2086.8621 -0.0122500044 0.719954275 -0.646166102 0.252952858 47.3761317 -46.8423125 -275.354752 -0.00630345489 -0.00166894525 0.00172480443 0.0287670442 -0.000909995089 0.655536 
1723530562.1289959 339.315371 -353.890005 -2114.02525 -0.0123814224 0.719966956 -0.646051202 0.253203725 47.7047005 -47.1530598 -277.141494 -0.00630345489 -0.00166894525 0.00172480443 0.0287670442 -0.000909995089 0.655536 
1723530562.23140001 344.218012 -358.735825 -2142.50129 -0.0125145397 0.720027651 -0.64588455 0.253449632 48.0461445 -47.4880504 -279.008836 -0.00630345489 -0.00166894525 0.00172480443 0.0287670442 -0.000909995089 0.655536 
1723530562.32979774 348.961731 -363.423662 -2170.04319 -0.0126194232 0.72008764 -0.645707468 0.253725061 48.3731471 -47.7953917 -280.798677 -0.00630345489 -0.00166894525 0.00172480443 0.0287670442 -0.000909995089 0.655536 
1723530562.42877531 353.766392 -368.169966 -2197.92424 -0.0127354918 0.720116038 -0.645561479 0.254009992 48.7127142 -48.1112648 -282.582481 -0.00630345489 -0.00166894525 0.00172480443 0.0287670442 -0.000909995089 0.655536 
1723530562.52639174 358.538185 -372.881813 -2225.59445 -0.0128313642 0.720140615 -0.645424173 0.254284265 49.0534591 -48.4267247 -284.334542 -0.00630345489 -0.00166894525 0.00172480443 0.0287670442 -0.000909995089 0.655536 
1723530562.62494755 363.389899 -377.669784 -2253.7043 -0.0129554117 0.720128919 -0.645323524 0.254566389 49.4027101 -48.7359201 -286.100716 -0.00630345489 -0.00166894525 0.00172480443 0.0287670442 -0.000909995089 0.655536 
1723530562.7230587 368.252824 -382.466885 -2281.8615 -0.0130777847 0.720149005 -0.645189693 0.254842388 49.7282379 -49.0531827 -287.885054 -0.00630345489 -0.00166894525 0.00172480443 0.0287670442 -0.000909995089 0.655536 
1723530562.82125592 373.152714 -387.299122 -2310.21807 -0.0131916718 0.720167769 -0.645055525 0.255122979 50.0686735 -49.3658429 -289.658189 -0.00630345489 -0.00166894525 0.00172480443 0.0287670442 -0.000909995089 0.655536 
1723530562.91977048 378.10201 -392.177632 -2338.84131 -0.0132986364 0.72020151 -0.644905951 0.255400167 50.4097985 -49.6755613 -291.43842 -0.00630345489 -0.00166894525 0.00172480443 0.0287670442 -0.000909995089 0.655536 
1723530563.01781559 383.061421 -397.063967 -2367.50205 -0.0133600516 0.720203574 -0.644800343 0.25565766 50.7560968 -49.9996766 -293.205586 -0.00630345489 -0.00166894525 0.00172480443 0.0287670442 -0.000909995089 0.655536 
1723530563.11621189 388.073009 -401.998937 -2396.43997 -0.0134153672 0.720241064 -0.644652907 0.255920821 51.1092858 -50.3083496 -294.985665 -0.00630345489 -0.00166894525 0.00172480443 0.0287670442 -0.000909995089 0.655536 
1723530563.21459389 393.11856 -406.963675 -2425.54882 -0.0135336196 0.720258705 -0.644515549 0.256210745 51.4613219 -50.6194222 -296.765752 -0.00630345489 -0.00166894525 0.00172480443 0.0287670442 -0.000909995089 0.655536 
1723530563.31282663 398.191265 -411.951518 -2454.78789 -0.013647082 0.720278758 -0.644380181 0.256488695 51.8179852 -50.9321136 -298.536205 -0.00630345489 -0.00166894525 0.00172480443 0.0287670442 -0.000909995089 0.655536 
1723530563.41112876 403.30279 -416.97262 -2484.22183 -0.0137542445 0.72028621 -0.64426264 0.256757175 52.1782448 -51.2244273 -300.310237 -0.00630345489 -0.00166894525 0.00172480443 0.0287670442 -0.000909995089 0.655536 
1723530563.50945973 408.451117 -422.024816 -2513.83883 -0.0138600109 0.720326534 -0.644103418 0.257037683 52.5360115 -51.5345532 -302.083977 -0.00630345489 -0.00166894525 0.00172480443 0.0287670442 -0.000909995089 0.655536 
1723530563.60786796 413.638931 -427.111698 -2543.6538 -0.0139623376 0.720364459 -0.643946119 0.257319831 52.8985409 -51.8487184 -303.860668 -0.00630345489 -0.00166894525 0.00172480443 0.0287670442 -0.000909995089 0.655536 
1723530563.70607781 418.851992 -432.219184 -2573.58207 -0.0140744956 0.720380681 -0.643814088 0.25759853 53.26312 -52.1629685 -305.615157 -0.00630345489 -0.00166894525 0.00172480443 0.0287670442 -0.000909995089 0.655536 
1723530563.8043077 424.101519 -437.358223 -2603.6888 -0.0141901029 0.720396431 -0.643680545 0.257881714 53.619359 -52.4699428 -307.370002 -0.00630345489 -0.00166894525 0.00172480443 0.0287670442 -0.000909995089 0.655536 
1723530563.89879918 429.184297 -442.329992 -2632.81134 -0.014363631 0.72039462 -0.64355983 0.258178277 53.9623595 -52.7621545 -309.035561 -0.00630345489 -0.00166894525 0.00172480443 0.0287670442 -0.000909995089 0.655536 
1723530563.99696994 434.500154 -447.524735 -2663.2361 -0.0144649605 0.720332863 -0.643530578 0.258417736 54.3358251 -53.0686169 -310.798016 -0.00630345489 -0.00166894525 0.00172480443 0.0287670442 -0.000909995089 0.655536 
1723530564.09536052 439.864229 -452.761737 -2693.90236 -0.0145796107 0.720351891 -0.643394268 0.258697513 54.7005328 -53.3847027 -312.559512 -0.00630345489 -0.00166894525 0.00172480443 0.0287670442 -0.000909995089 0.655536 
1723530564.19361258 445.256455 -458.022256 -2724.69879 -0.0146928607 0.720370642 -0.643258067 0.258977445 55.0625759 -53.6974099 -314.326701 -0.00630345489 -0.00166894525 0.00172480443 0.0287670442 -0.000909995089 0.655536 
1723530564.29209876 450.697354 -463.32593 -2755.74269 -0.0148078407 0.720390577 -0.643120577 0.259256759 55.4280354 -54.0065079 -316.094734 -0.00630345489 -0.00166894525 0.00172480443 0.0287670442 -0.000909995089 0.655536 
1723530564.39039636 456.163691 -468.649889 -2786.90112 -0.0149219507 0.720409514 -0.642983557 0.259537304 55.7921176 -54.3167604 -317.866437 -0.00630345489 -0.00166894525 0.00172480443 0.0287670442 -0.000909995089 0.655536 
1723530564.48873973 461.668316 -474.006896 -2818.24805 -0.0150348471 0.720427429 -0.642847137 0.259818843 56.1549219 -54.6281924 -319.633091 -0.00630345489 -0.00166894525 0.00172480443 0.0287670442 -0.000909995089 0.655536 
1723530564.58690643 467.198656 -479.384747 -2849.71208 -0.0151479511 0.720444845 -0.642712099 0.260097912 56.5175004 -54.9374991 -321.399628 -0.00630345489 -0.00166894525 0.00172480443 0.0287670442 -0.000909995089 0.655536 
1723530564.68513322 472.768115 -484.796232 -2881.36873 -0.0152600415 0.720462178 -0.642576892 0.260377264 56.8825053 -55.2459968 -323.162897 -0.00630345489 -0.00166894525 0.00172480443 0.0287670442 -0.000909995089 0.655536 
1723530564.78356528 478.385301 -490.249428 -2913.26541 -0.0153737433 0.720479599 -0.642439979 0.260660064 57.250747 -55.5551972 -324.93228 -0.00630345489 -0.00166894525 0.00172480443 0.0287670442 -0.000909995089 0.655536 
1723530564.88186884 484.031365 -495.725919 -2945.29423 -0.015487875 0.720498082 -0.64230269 0.260940403 57.6192506 -55.8648019 -326.698754 -0.00630345489 -0.00166894525 0.00172480443 0.0287670442 -0.000909995089 0.655536 
1723530564.98000526 489.703934 -501.223475 -2977.44183 -0.0156006671 0.720516248 -0.642165495 0.261221042 57.9865267 -56.1742548 -328.46267 -0.00630345489 -0.00166894525 0.00172480443 0.0287670442 -0.000909995089 0.655536 
1723530565.07840061 495.427678 -506.766098 -3009.84796 -0.015712753 0.720534499 -0.642028532 0.261500496 58.355224 -56.4860078 -330.229574 -0.00630345489 -0.00166894525 0.00172480443 0.0287670442 -0.000909995089 0.655536 
1723530565.17670035 501.181941 -512.33393 -3042.39617 -0.0158268299 0.720552678 -0.641891299 0.261780271 58.7206309 -56.7967368 -331.994223 -0.00630345489 -0.00166894525 0.00172480443 0.0287670442 -0.000909995089 0.655536 
1723530565.27905893 507.212197 -518.164171 -3076.47281 -0.015944389 0.720571324 -0.641748515 0.262071719 59.1054644 -57.1212447 -333.834544 -0.00630345489 -0.00166894525 0.00172480443 0.0287670442 -0.000909995089 0.655536 
1723530565.37740231 513.043027 -523.796934 -3109.39006 -0.0160576846 0.720588743 -0.641611263 0.262352817 59.475581 -57.4317281 -335.600477 -0.00630345489 -0.00166894525 0.00172480443 0.0287670442 -0.000909995089 0.655536 
1723530565.47570729 518.907926 -529.458016 -3142.46794 -0.0161706366 0.720606261 -0.64147492 0.262631022 59.844905 -57.7421183 -337.363928 -0.00630345489 -0.00166894525 0.00172480443 0.0287670442 -0.000909995089 0.655536 
1723530565.5698936 524.56124 -534.910483 -3174.32276 -0.0162776523 0.720622282 -0.641343666 0.262900867 60.2004426 -58.0383459 -339.05762 -0.00630345489 -0.00166894525 0.00172480443 0.0287670442 -0.000909995089 0.655536 
1723530565.67228413 530.744939 -540.869934 -3209.13332 -0.016394951 0.720640538 -0.641200435 0.26319275 60.5860935 -58.3679531 -340.899009 -0.00630345489 -0.00166894525 0.00172480443 0.0287670442 -0.000909995089 0.655536 
1723530565.7667942 536.487905 -546.400239 -3241.43198 -0.0165032572 0.720655684 -0.641069541 0.263463224 60.9452147 -58.6630567 -342.597486 -0.00630345489 -0.00166894525 0.00172480443 0.0287670442 -0.000909995089 0.655536 
1723530565.86496043 542.488959 -552.174122 -3275.14997 -0.0166155677 0.720672489 -0.64093283 0.263742664 61.3178754 -58.971759 -344.359639 -0.00630345489 -0.00166894525 0.00172480443 0.0287670442 -0.000909995089 0.655536 
1723530565.96335673 548.54067 -557.992106 -3309.12059 -0.0167293602 0.720689313 -0.6407955 0.264023049 61.6890104 -59.2843935 -346.125974 -0.00630345489 -0.00166894525 0.00172480443 0.0287670442 -0.000909995089 0.655536 
1723530566.06145954 554.610503 -563.823042 -3343.16249 -0.0168414224 0.720706865 -0.640658316 0.264300782 62.0553146 -59.5895954 -347.878766 -0.00630345489 -0.00166894525 0.00172480443 0.0287670442 -0.000909995089 0.655536 
1723530566.15998363 560.742986 -569.709526 -3377.5239 -0.0169573057 0.720724068 -0.640519789 0.264582062 62.4316686 -59.903685 -349.644112 -0.00630345489 -0.00166894525 0.00172480443 0.0287670442 -0.000909995089 0.655536 
1723530566.25816703 566.891259 -575.606296 -3411.93934 -0.0170699002 0.720741273 -0.640382338 0.264860524 62.808924 -60.2137786 -351.399998 -0.00630345489 -0.00166894525 0.00172480443 0.0287670442 -0.000909995089 0.655536 
1723530566.35674763 573.101647 -581.557701 -3446.66776 -0.017183025 0.720758326 -0.640244048 0.265140979 63.1872246 -60.5281329 -353.168945 -0.00630345489 -0.00166894525 0.00172480443 0.0287670442 -0.000909995089 0.655536 
1723530566.4588747 579.574486 -587.75587 -3482.82938 -0.0173012077 0.720776246 -0.640101014 0.265429771 63.5732669 -60.8533709 -355.00014 -0.00630345489 -0.00166894525 0.00172480443 0.0287670442 -0.000909995089 0.655536 
1723530566.55740905 585.857114 -593.767422 -3517.89613 -0.0174148538 0.72079297 -0.639962319 0.265711212 63.9483132 -61.1660622 -356.766963 -0.00630345489 -0.00166894525 0.00172480443 0.0287670442 -0.000909995089 0.655536 
1723530566.65550327 592.148575 -599.782762 -3552.97903 -0.017526449 0.720809524 -0.639824775 0.265990057 64.3255039 -61.4780513 -358.522914 -0.00630345489 -0.00166894525 0.00172480443 0.0287670442 -0.000909995089 0.655536 
1723530566.75387287 598.494946 -605.84573 -3588.33341 -0.0176395113 0.720825527 -0.639687016 0.266270404 64.7056592 -61.7910973 -360.284164 -0.00630345489 -0.00166894525 0.00172480443 0.0287670442 -0.000909995089 0.655536 
1723530566.85211182 604.870058 -611.931425 -3623.81387 -0.0177522532 0.720841699 -0.639549489 0.266549347 65.0822075 -62.1046711 -362.045669 -0.00630345489 -0.00166894525 0.00172480443 0.0287670442 -0.000909995089 0.655536 
1723530566.95052958 611.293929 -618.058972 -3659.5323 -0.0178656888 0.720858102 -0.639411012 0.266829482 65.4607142 -62.4164991 -363.807504 -0.00630345489 -0.00166894525 0.00172480443 0.0287670442 -0.000909995089 0.655536 
1723530567.04891849 617.753055 -624.21556 -3695.41359 -0.0179799068 0.720875037 -0.639272246 0.267108403 65.8371282 -62.7315014 -365.569216 -0.00630345489 -0.00166894525 0.00172480443 0.0287670442 -0.000909995089 0.655536 
1723530567.14705086 624.232316 -630.386895 -3731.37402 -0.0180947146 0.720891533 -0.639133589 0.267387798 66.2143281 -63.0442169 -367.327166 -0.00630345489 -0.00166894525 0.00172480443 0.0287670442 -0.000909995089 0.655536 
1723530567.245471 630.767733 -636.607008 -3767.61283 -0.0182090397 0.72090775 -0.638995373 0.267666508 66.5921575 -63.3549732 -369.083339 -0.00630345489 -0.00166894525 0.00172480443 0.0287670442 -0.000909995089 0.655536 
1723530567.34374094 637.330659 -642.848143 -3803.96905 -0.018321623 0.720923085 -0.638857397 0.267946727 66.9772065 -63.6652598 -370.842278 -0.00630345489 -0.00166894525 0.00172480443 0.0287670442 -0.000909995089 0.655536 
1723530567.44197178 643.928716 -649.117357 -3840.48333 -0.0184352837 0.72093918 -0.638718692 0.268226156 67.3605708 -63.9772129 -372.59588 -0.00630345489 -0.00166894525 0.00172480443 0.0287670442 -0.000909995089 0.655536 
1723530567.54058623 650.590076 -655.442068 -3877.31373 -0.0185485458 0.720955421 -0.638579571 0.268505797 67.7384994 -64.2942654 -374.361635 -0.00630345489 -0.00166894525 0.00172480443 0.0287670442 -0.000909995089 0.655536 
1723530567.63867617 657.253037 -661.764124 -3914.12093 -0.0186623723 0.720971517 -0.638439979 0.268786496 68.1156227 -64.6090044 -376.116865 -0.00630345489 -0.00166894525 0.00172480443 0.0287670442 -0.000909995089 0.655536 
1723530567.73689437 663.961946 -668.12511 -3951.14854 -0.0187760782 0.72098746 -0.638301274 0.269065094 68.4967191 -64.9186223 -377.869848 -0.00630345489 -0.00166894525 0.00172480443 0.0287670442 -0.000909995089 0.655536 
1723530567.83530569 670.721739 -674.529265 -3988.42159 -0.0188897913 0.721004671 -0.638161445 0.26934255 68.8816406 -65.2321583 -379.625396 -0.00630345489 -0.00166894525 0.00172480443 0.0287670442 -0.000909995089 0.655536 
1723530567.93368149 677.516807 -680.961908 -4025.85409 -0.0190034241 0.721020436 -0.638022133 0.269622253 69.2634789 -65.544792 -381.384953 -0.00630345489 -0.00166894525 0.00172480443 0.0287670442 -0.000909995089 0.655536 
1723530568.03590155 684.617239 -687.678681 -4064.93273 -0.0191205321 0.721036273 -0.637877446 0.269913804 69.6609519 -65.8731112 -383.213324 -0.00630345489 -0.00166894525 0.00172480443 0.0287670442 -0.000909995089 0.655536 
1723530568.13428235 691.4895 -694.17475 -4102.72004 -0.0192328629 0.721051356 -0.637738344 0.270194085 70.046395 -66.1865603 -384.971215 -0.00630345489 -0.00166894525 0.00172480443 0.0287670442 -0.000909995089 0.655536 
1723530568.23251629 698.389521 -700.69184 -4140.62334 -0.0193473392 0.721066659 -0.637599401 0.270472841 70.4350229 -66.4985451 -386.723408 -0.00630345489 -0.00166894525 0.00172480443 0.0287670442 -0.000909995089 0.655536 
1723530568.33094382 705.341378 -707.252466 -4178.77393 -0.0194611606 0.721082344 -0.637459263 0.270753031 70.823352 -66.8102192 -388.478221 -0.00630345489 -0.00166894525 0.00172480443 0.0287670442 -0.000909995089 0.655536 
1723530568.42906976 712.309787 -713.823665 -4216.97967 -0.0195732093 0.721097273 -0.63732055 0.271031602 71.2065547 -67.1237577 -390.230073 -0.00630345489 -0.00166894525 0.00172480443 0.0287670442 -0.000909995089 0.655536 
1723530568.52349782 719.050975 -720.176227 -4253.90807 -0.019681727 0.72111142 -0.637186999 0.271299977 71.572797 -67.4244227 -391.918824 -0.00630345489 -0.00166894525 0.00172480443 0.0287670442 -0.000909995089 0.655536 
1723530568.62173057 726.100504 -726.814903 -4292.49314 -0.0197966623 0.721126661 -0.637047358 0.271578893 71.9542706 -67.7377654 -393.6659 -0.00630345489 -0.00166894525 0.00172480443 0.0287670442 -0.000909995089 0.655536 
1723530568.72018337 733.203637 -733.499336 -4331.33701 -0.0199116714 0.721143042 -0.636906437 0.271857367 72.3409091 -68.0518134 -395.420143 -0.00630345489 -0.00166894525 0.00172480443 0.0287670442 -0.000909995089 0.655536 
